-1.794290748167481127e+02 -5.483346176147460938e+01 -5.483346176147460938e+01 -5.483346176147460938e+01 -5.483346176147460938e+01 -5.483346176147460938e+01 -5.483346176147460938e+01 -5.483346176147460938e+01
-1.784292823670679411e+02 8.248792968750000000e+03 6.549565917968750000e+03 4.188327148437500000e+03 3.744890869140625000e+03 3.672237792968750000e+03 3.874585449218750000e+03 3.697044921875000000e+03
-1.774294899173877127e+02 1.153259277343750000e+04 9.080584960937500000e+03 6.277752441406250000e+03 5.234747070312500000e+03 5.307025878906250000e+03 5.157520996093750000e+03 5.102670410156250000e+03
-1.764296974677075411e+02 1.218637792968750000e+04 9.629085937500000000e+03 6.483233886718750000e+03 5.666701171875000000e+03 5.624725097656250000e+03 5.385076660156250000e+03 5.485673339843750000e+03
-1.754299050180273980e+02 1.129277050781250000e+04 8.966767578125000000e+03 5.883475097656250000e+03 5.291986816406250000e+03 5.054174804687500000e+03 5.011977539062500000e+03 4.994908691406250000e+03
-1.744301125683471696e+02 1.113083593750000000e+04 8.836468750000000000e+03 5.887990234375000000e+03 5.085240234375000000e+03 5.040810058593750000e+03 4.873666992187500000e+03 4.995858398437500000e+03
-1.734303201186669980e+02 1.119581250000000000e+04 8.774375000000000000e+03 5.577208496093750000e+03 4.772211425781250000e+03 4.647853027343750000e+03 4.589736328125000000e+03 4.646019531250000000e+03
-1.724305276689868549e+02 1.018110644531250000e+04 8.020757324218750000e+03 5.316106933593750000e+03 4.636499023437500000e+03 4.594568847656250000e+03 4.383186523437500000e+03 4.477189941406250000e+03
-1.714307352193066265e+02 9.903511718750000000e+03 7.528196289062500000e+03 5.022658203125000000e+03 4.390911132812500000e+03 4.357950195312500000e+03 4.168672851562500000e+03 4.212817871093750000e+03
-1.704309427696264549e+02 9.059730468750000000e+03 7.163711914062500000e+03 4.762209472656250000e+03 4.191770019531250000e+03 4.100596191406250000e+03 4.187003417968750000e+03 4.078537109375000000e+03
-1.694311503199463118e+02 8.932387695312500000e+03 7.313794921875000000e+03 4.897248535156250000e+03 4.440337402343750000e+03 4.364365234375000000e+03 4.401271484375000000e+03 4.307763183593750000e+03
-1.684313578702660834e+02 9.926951171875000000e+03 8.176524902343750000e+03 5.394370605468750000e+03 4.693332031250000000e+03 4.605566894531250000e+03 4.622223632812500000e+03 4.453019531250000000e+03
-1.674315654205859119e+02 1.117776562500000000e+04 8.910049804687500000e+03 6.085640625000000000e+03 5.409356445312500000e+03 5.116365722656250000e+03 5.250968261718750000e+03 5.133396972656250000e+03
-1.664317729709057119e+02 1.116422558593750000e+04 8.959012695312500000e+03 5.777223632812500000e+03 5.193492187500000000e+03 5.282791503906250000e+03 5.228464843750000000e+03 5.061308593750000000e+03
-1.654319805212255403e+02 1.104575097656250000e+04 9.058400390625000000e+03 5.920789550781250000e+03 5.284720214843750000e+03 5.168351074218750000e+03 5.055348144531250000e+03 4.980246093750000000e+03
-1.644321880715453403e+02 1.096143652343750000e+04 9.121112304687500000e+03 5.791166503906250000e+03 5.260314941406250000e+03 5.031716308593750000e+03 4.846330566406250000e+03 5.038715820312500000e+03
-1.634323956218651688e+02 1.192803222656250000e+04 1.030703613281250000e+04 6.192904296875000000e+03 5.392324707031250000e+03 5.448586914062500000e+03 5.317309570312500000e+03 5.101485839843750000e+03
-1.624326031721849972e+02 1.065561718750000000e+04 8.458199218750000000e+03 5.363494140625000000e+03 4.625389648437500000e+03 4.374376953125000000e+03 4.449011718750000000e+03 4.379239257812500000e+03
-1.614328107225048257e+02 1.201663769531250000e+04 9.775093750000000000e+03 6.321465332031250000e+03 5.443641113281250000e+03 5.360073242187500000e+03 5.367013183593750000e+03 5.319934570312500000e+03
-1.604330182728246541e+02 1.166741113281250000e+04 9.168866210937500000e+03 6.069718261718750000e+03 5.219175292968750000e+03 5.280846191406250000e+03 5.162759277343750000e+03 5.099229980468750000e+03
-1.594332258231444541e+02 1.203408203125000000e+04 9.565784179687500000e+03 6.100592773437500000e+03 5.279835937500000000e+03 5.459779296875000000e+03 5.236688476562500000e+03 5.308184570312500000e+03
-1.584334333734642826e+02 1.147868261718750000e+04 9.254869140625000000e+03 6.221738769531250000e+03 5.198826171875000000e+03 5.059567382812500000e+03 5.087456054687500000e+03 5.046567871093750000e+03
-1.574336409237840826e+02 1.144037304687500000e+04 9.030584960937500000e+03 5.902045410156250000e+03 5.440705078125000000e+03 5.245982421875000000e+03 5.279627929687500000e+03 5.113113281250000000e+03
-1.564338484741039110e+02 1.248779687500000000e+04 9.309766601562500000e+03 6.161947265625000000e+03 5.745138671875000000e+03 5.397552734375000000e+03 5.369297363281250000e+03 5.271844726562500000e+03
-1.554340560244237111e+02 1.226451074218750000e+04 9.774102539062500000e+03 6.480579101562500000e+03 5.860971679687500000e+03 5.432648437500000000e+03 5.530052246093750000e+03 5.395971191406250000e+03
-1.544342635747435395e+02 1.207951269531250000e+04 9.921614257812500000e+03 6.432171875000000000e+03 5.903061523437500000e+03 5.734602050781250000e+03 5.599857910156250000e+03 5.621710449218750000e+03
-1.534344711250633679e+02 1.226459570312500000e+04 1.018564746093750000e+04 6.669730468750000000e+03 6.029725097656250000e+03 5.741523437500000000e+03 5.711726562500000000e+03 5.592302734375000000e+03
-1.524346786753831680e+02 1.196063867187500000e+04 9.902492187500000000e+03 6.609912109375000000e+03 5.542712402343750000e+03 5.396660156250000000e+03 5.386668945312500000e+03 5.238557617187500000e+03
-1.514348862257029680e+02 1.240846679687500000e+04 9.757848632812500000e+03 6.409772949218750000e+03 5.606167968750000000e+03 5.612058105468750000e+03 5.537118164062500000e+03 5.417448730468750000e+03
-1.504350937760227964e+02 1.268686523437500000e+04 1.043528222656250000e+04 6.588082031250000000e+03 5.791559570312500000e+03 5.739530761718750000e+03 5.588680175781250000e+03 5.505151855468750000e+03
-1.494353013263425964e+02 1.296670800781250000e+04 1.001781445312500000e+04 6.395506835937500000e+03 5.971509765625000000e+03 5.857113281250000000e+03 5.739951171875000000e+03 5.545153320312500000e+03
-1.484355088766624533e+02 1.211732226562500000e+04 9.608166015625000000e+03 6.309486328125000000e+03 5.727070800781250000e+03 5.704952148437500000e+03 5.481872070312500000e+03 5.387831054687500000e+03
-1.474357164269822533e+02 1.296263183593750000e+04 1.027472656250000000e+04 6.981349121093750000e+03 6.158479492187500000e+03 5.818863769531250000e+03 5.887074218750000000e+03 5.706845703125000000e+03
-1.464359239773020818e+02 1.274893359375000000e+04 9.993739257812500000e+03 6.802811523437500000e+03 5.701562500000000000e+03 5.673783203125000000e+03 5.561543457031250000e+03 5.486413085937500000e+03
-1.454361315276218818e+02 1.239829492187500000e+04 1.017212109375000000e+04 6.532678710937500000e+03 6.070818847656250000e+03 6.026696777343750000e+03 5.737412109375000000e+03 5.618532226562500000e+03
-1.444363390779417102e+02 9.996737304687500000e+03 7.592020019531250000e+03 5.120508300781250000e+03 4.445621093750000000e+03 4.315512695312500000e+03 4.356493164062500000e+03 4.226989746093750000e+03
-1.434365466282615103e+02 -5.462677764892578125e+01 -5.462677764892578125e+01 -5.462677764892578125e+01 -5.462677764892578125e+01 -5.462677764892578125e+01 -5.462677764892578125e+01 -5.462677764892578125e+01
-1.424367541785813387e+02 -5.461925506591796875e+01 -5.461925506591796875e+01 -5.461925506591796875e+01 -5.461925506591796875e+01 -5.461925506591796875e+01 -5.461925506591796875e+01 -5.461925506591796875e+01
-1.414369617289011671e+02 -1.021239089965820312e+01 -1.877260208129882812e+01 -1.201104927062988281e+01 -1.456065940856933594e+01 -1.550140571594238281e+01 -1.602790069580078125e+01 -8.745143890380859375e+00
-1.404371692792209672e+02 7.675046875000000000e+03 5.472994628906250000e+03 3.801948730468750000e+03 3.367483398437500000e+03 3.263796386718750000e+03 3.196057861328125000e+03 3.148658203125000000e+03
-1.394373768295407956e+02 1.343820410156250000e+04 1.082466699218750000e+04 7.054094726562500000e+03 6.097923339843750000e+03 6.032560058593750000e+03 5.839579589843750000e+03 5.680576660156250000e+03
-1.384375843798606240e+02 1.427425683593750000e+04 1.109433984375000000e+04 7.213432128906250000e+03 6.325993164062500000e+03 5.940531250000000000e+03 5.922773925781250000e+03 5.783147460937500000e+03
-1.374377919301804241e+02 1.338208496093750000e+04 1.098145996093750000e+04 7.105983886718750000e+03 6.131969238281250000e+03 6.164898925781250000e+03 6.063506835937500000e+03 5.923874023437500000e+03
-1.364379994805002525e+02 1.357348046875000000e+04 1.121734960937500000e+04 7.827846679687500000e+03 6.412800292968750000e+03 6.153763183593750000e+03 6.057389160156250000e+03 6.069806152343750000e+03
-1.354382070308200809e+02 1.358131250000000000e+04 1.086076660156250000e+04 7.392691406250000000e+03 6.328322265625000000e+03 6.262004882812500000e+03 6.289404296875000000e+03 6.188394042968750000e+03
-1.344384145811398810e+02 1.366744433593750000e+04 1.106305957031250000e+04 7.679081542968750000e+03 6.442463378906250000e+03 6.014734863281250000e+03 6.015114746093750000e+03 5.982499511718750000e+03
-1.334386221314597094e+02 1.371491894531250000e+04 1.133000683593750000e+04 7.509854980468750000e+03 6.571740722656250000e+03 6.239537109375000000e+03 6.272542968750000000e+03 5.989613769531250000e+03
-1.324388296817795094e+02 1.309220019531250000e+04 1.060994335937500000e+04 7.328520996093750000e+03 6.428384277343750000e+03 6.041749023437500000e+03 6.246992675781250000e+03 5.853844726562500000e+03
-1.314390372320993094e+02 1.302331738281250000e+04 1.064821582031250000e+04 7.185750976562500000e+03 6.401337890625000000e+03 6.038208007812500000e+03 5.944389648437500000e+03 5.870818847656250000e+03
-1.304392447824191379e+02 1.291207324218750000e+04 1.038517089843750000e+04 7.486075195312500000e+03 6.706677734375000000e+03 6.411120605468750000e+03 6.259300781250000000e+03 5.980427246093750000e+03
-1.294394523327389379e+02 1.299770507812500000e+04 1.063382324218750000e+04 7.497963378906250000e+03 6.656960449218750000e+03 6.252641113281250000e+03 6.173108886718750000e+03 6.076105957031250000e+03
-1.284396598830587664e+02 1.168440722656250000e+04 9.989839843750000000e+03 6.628734863281250000e+03 6.286422363281250000e+03 5.727621582031250000e+03 5.679415039062500000e+03 5.676776855468750000e+03
-1.274398674333785948e+02 1.240194042968750000e+04 9.293394531250000000e+03 7.125730468750000000e+03 5.692203613281250000e+03 5.634041015625000000e+03 5.393725585937500000e+03 5.372780761718750000e+03
-1.264400749836984090e+02 1.285101757812500000e+04 1.081070605468750000e+04 7.487401855468750000e+03 6.123546386718750000e+03 5.789035644531250000e+03 5.792925292968750000e+03 5.702164062500000000e+03
-1.254402825340182375e+02 1.248278320312500000e+04 1.003164550781250000e+04 6.607113769531250000e+03 5.776482910156250000e+03 5.669954101562500000e+03 5.685813964843750000e+03 5.570347167968750000e+03
-1.244404900843380517e+02 1.241044140625000000e+04 9.762138671875000000e+03 6.686733398437500000e+03 6.047571777343750000e+03 5.787573730468750000e+03 5.772314453125000000e+03 5.616130859375000000e+03
-1.234406976346578801e+02 1.238521972656250000e+04 9.914363281250000000e+03 6.941555664062500000e+03 6.344124511718750000e+03 6.202761230468750000e+03 5.947746093750000000e+03 5.890334960937500000e+03
-1.224409051849776944e+02 1.274953515625000000e+04 9.784750000000000000e+03 6.575869628906250000e+03 5.721266113281250000e+03 5.565352539062500000e+03 5.362302734375000000e+03 5.498847167968750000e+03
-1.214411127352975086e+02 1.191816406250000000e+04 9.622129882812500000e+03 6.717760253906250000e+03 5.680928222656250000e+03 5.516658203125000000e+03 5.459961914062500000e+03 5.331177734375000000e+03
-1.204413202856173086e+02 1.192855566406250000e+04 9.531025390625000000e+03 6.485900390625000000e+03 5.861221191406250000e+03 5.628552246093750000e+03 5.533795410156250000e+03 5.471575683593750000e+03
-1.194415278359371229e+02 1.255529199218750000e+04 9.924998046875000000e+03 6.613053710937500000e+03 5.954674804687500000e+03 5.838831054687500000e+03 5.742620117187500000e+03 5.800622558593750000e+03
-1.184417353862569371e+02 1.213734570312500000e+04 9.694268554687500000e+03 6.761117675781250000e+03 6.185445800781250000e+03 5.925578125000000000e+03 5.883770019531250000e+03 5.773570800781250000e+03
-1.174419429365767940e+02 1.101345019531250000e+04 8.926885742187500000e+03 6.400899902343750000e+03 5.573930664062500000e+03 5.481538085937500000e+03 5.600173828125000000e+03 5.529726562500000000e+03
-1.164421504868966082e+02 1.067932421875000000e+04 8.618545898437500000e+03 6.013727539062500000e+03 5.273767578125000000e+03 5.059174316406250000e+03 5.130648925781250000e+03 4.900214843750000000e+03
-1.154423580372164082e+02 1.081473535156250000e+04 8.569192382812500000e+03 6.011484863281250000e+03 5.014097656250000000e+03 4.919511718750000000e+03 5.089812988281250000e+03 4.965220703125000000e+03
-1.144425655875362082e+02 1.095170898437500000e+04 8.515699218750000000e+03 6.113295898437500000e+03 5.684081542968750000e+03 5.357486328125000000e+03 5.371525878906250000e+03 5.163689941406250000e+03
-1.134427731378560367e+02 9.583653320312500000e+03 7.807434082031250000e+03 5.905907714843750000e+03 5.527322753906250000e+03 5.486430664062500000e+03 5.353568847656250000e+03 5.084730468750000000e+03
-1.124429806881758509e+02 1.042263867187500000e+04 8.356376953125000000e+03 5.412052734375000000e+03 5.320581542968750000e+03 5.069222656250000000e+03 4.993975585937500000e+03 4.852865234375000000e+03
-1.114431882384956793e+02 1.101866210937500000e+04 9.075773437500000000e+03 6.196565429687500000e+03 5.473695312500000000e+03 5.378574707031250000e+03 5.104643554687500000e+03 5.078124511718750000e+03
-1.104433957888154936e+02 1.050750292968750000e+04 8.640524414062500000e+03 5.917416503906250000e+03 5.375062011718750000e+03 5.522923339843750000e+03 5.643395996093750000e+03 5.392456542968750000e+03
-1.094436033391353078e+02 1.133495312500000000e+04 9.224406250000000000e+03 6.115843261718750000e+03 5.693711914062500000e+03 5.444665039062500000e+03 5.435684082031250000e+03 5.366351074218750000e+03
-1.084438108894551220e+02 1.159032519531250000e+04 9.274801757812500000e+03 6.011626953125000000e+03 5.404247558593750000e+03 5.082354492187500000e+03 5.027506835937500000e+03 5.039415527343750000e+03
-1.074440184397749363e+02 1.093794238281250000e+04 9.358386718750000000e+03 5.722952148437500000e+03 5.389256347656250000e+03 5.295806640625000000e+03 5.289741699218750000e+03 5.186110839843750000e+03
-1.064442259900947647e+02 1.110289550781250000e+04 8.912684570312500000e+03 6.201975585937500000e+03 5.562714355468750000e+03 5.441481933593750000e+03 5.360813964843750000e+03 5.262579589843750000e+03
-1.054444335404145789e+02 1.006120214843750000e+04 8.184236816406250000e+03 5.534895507812500000e+03 4.830301269531250000e+03 4.642352539062500000e+03 4.701040527343750000e+03 4.587386718750000000e+03
-1.044446410907343932e+02 1.110928710937500000e+04 8.775943359375000000e+03 6.076455566406250000e+03 5.527839843750000000e+03 5.178512207031250000e+03 5.225955078125000000e+03 5.324179199218750000e+03
-1.034448486410542074e+02 1.120623046875000000e+04 9.220082031250000000e+03 5.910863769531250000e+03 5.439943847656250000e+03 5.379409667968750000e+03 5.279382324218750000e+03 5.149262695312500000e+03
-1.024450561913740216e+02 1.127674707031250000e+04 8.944699218750000000e+03 6.319970214843750000e+03 5.519409179687500000e+03 5.544322265625000000e+03 5.299605468750000000e+03 5.411019042968750000e+03
-1.014452637416938217e+02 1.067310839843750000e+04 8.534773437500000000e+03 6.064072753906250000e+03 5.298325195312500000e+03 5.242449707031250000e+03 5.281945312500000000e+03 4.872086914062500000e+03
-1.004454712920136643e+02 1.052598144531250000e+04 8.664060546875000000e+03 5.964187500000000000e+03 5.661050292968750000e+03 5.643956542968750000e+03 5.585178222656250000e+03 5.516339355468750000e+03
-9.944567884233346433e+01 1.132056835937500000e+04 9.078529296875000000e+03 6.388554199218750000e+03 5.733014160156250000e+03 5.540966308593750000e+03 5.652913085937500000e+03 5.325352050781250000e+03
-9.844588639265330698e+01 1.108599316406250000e+04 8.806230468750000000e+03 6.350129394531250000e+03 5.738335937500000000e+03 5.292118652343750000e+03 5.324678710937500000e+03 5.318586914062500000e+03
-9.744609394297310700e+01 1.071149609375000000e+04 8.408237304687500000e+03 6.206204101562500000e+03 5.507122070312500000e+03 5.368020996093750000e+03 5.310470214843750000e+03 5.332203613281250000e+03
-9.644630149329292124e+01 1.050461621093750000e+04 8.423873046875000000e+03 5.885259765625000000e+03 5.124954101562500000e+03 5.166088867187500000e+03 5.184881835937500000e+03 4.937222167968750000e+03
-9.544650904361273547e+01 9.425081054687500000e+03 7.816107421875000000e+03 5.684756835937500000e+03 4.914851562500000000e+03 4.938313476562500000e+03 4.914706542968750000e+03 4.832573242187500000e+03
-9.444671659393256391e+01 8.296823242187500000e+03 6.999354003906250000e+03 4.765510742187500000e+03 4.205396484375000000e+03 4.081981445312500000e+03 4.192999511718750000e+03 4.092088134765625000e+03
-9.344692414425237814e+01 1.026689746093750000e+04 8.185256347656250000e+03 5.464762695312500000e+03 5.152700683593750000e+03 4.915393554687500000e+03 4.888948242187500000e+03 4.911606445312500000e+03
-9.244713169457219237e+01 1.054416894531250000e+04 8.383096679687500000e+03 6.226614746093750000e+03 5.521763671875000000e+03 5.477945312500000000e+03 5.490406250000000000e+03 5.314877441406250000e+03
-9.144733924489200660e+01 1.037232812500000000e+04 8.226326171875000000e+03 5.805779296875000000e+03 5.222574707031250000e+03 5.147392089843750000e+03 4.987713378906250000e+03 5.110125976562500000e+03
-9.044754679521182084e+01 1.016134667968750000e+04 8.171442871093750000e+03 5.451280273437500000e+03 4.909355468750000000e+03 4.836722656250000000e+03 4.870395996093750000e+03 4.752765136718750000e+03
-8.944775434553163507e+01 1.031562597656250000e+04 8.356095703125000000e+03 5.440991699218750000e+03 4.981541503906250000e+03 4.958571777343750000e+03 5.096391601562500000e+03 4.944186523437500000e+03
-8.844796189585146351e+01 1.048024902343750000e+04 8.746234375000000000e+03 5.697288085937500000e+03 5.140335449218750000e+03 4.899831054687500000e+03 4.936354003906250000e+03 4.950895507812500000e+03
-8.744816944617127774e+01 1.027060253906250000e+04 7.775648437500000000e+03 5.437024414062500000e+03 5.025505859375000000e+03 4.902916503906250000e+03 5.079890136718750000e+03 4.901559082031250000e+03
-8.644837699649109197e+01 9.646416015625000000e+03 7.918841308593750000e+03 5.528086425781250000e+03 5.280958984375000000e+03 5.203654296875000000e+03 5.222812500000000000e+03 5.104346191406250000e+03
-8.544858454681092041e+01 1.013059960937500000e+04 8.574132812500000000e+03 5.827644531250000000e+03 5.035875488281250000e+03 5.101387207031250000e+03 5.006865234375000000e+03 4.917663085937500000e+03
-8.444879209713073465e+01 9.167962890625000000e+03 7.463715332031250000e+03 4.955226074218750000e+03 4.484681152343750000e+03 4.356952636718750000e+03 4.365152832031250000e+03 4.409458007812500000e+03
-8.344899964745054888e+01 1.044516503906250000e+04 7.911092285156250000e+03 5.879401367187500000e+03 5.702633789062500000e+03 5.641027343750000000e+03 5.429218750000000000e+03 5.354911132812500000e+03
-8.244920719777037732e+01 9.991255859375000000e+03 7.819036621093750000e+03 5.668572265625000000e+03 5.282686523437500000e+03 5.201809570312500000e+03 5.263604003906250000e+03 5.067484863281250000e+03
-8.144941474809019155e+01 1.036837792968750000e+04 8.366088867187500000e+03 5.724886230468750000e+03 5.248659667968750000e+03 5.040153808593750000e+03 4.980762695312500000e+03 5.036562988281250000e+03
-8.044962229841000578e+01 1.005357519531250000e+04 8.232769531250000000e+03 5.967516601562500000e+03 5.160593750000000000e+03 5.243503417968750000e+03 5.025214843750000000e+03 5.069780273437500000e+03
-7.944982984872982001e+01 1.012141992187500000e+04 8.202460937500000000e+03 5.666189453125000000e+03 5.065587890625000000e+03 5.174146972656250000e+03 4.987687988281250000e+03 4.940084960937500000e+03
-7.845003739904962003e+01 1.019699902343750000e+04 8.525093750000000000e+03 5.760177734375000000e+03 4.964036132812500000e+03 5.082462402343750000e+03 4.787945800781250000e+03 4.933710449218750000e+03
-7.745024494936946269e+01 1.001466308593750000e+04 7.984758789062500000e+03 5.605515625000000000e+03 5.464614746093750000e+03 5.513649902343750000e+03 5.174009765625000000e+03 4.996044921875000000e+03
-7.645045249968926271e+01 1.007153613281250000e+04 8.077143066406250000e+03 5.927175781250000000e+03 5.418741699218750000e+03 5.090736328125000000e+03 5.130208496093750000e+03 5.076336914062500000e+03
-7.545066005000907694e+01 9.947147460937500000e+03 8.044120605468750000e+03 5.587324707031250000e+03 5.100199707031250000e+03 4.970265136718750000e+03 4.920982421875000000e+03 4.791947753906250000e+03
-7.445086760032890538e+01 8.673410156250000000e+03 7.109274414062500000e+03 4.803026367187500000e+03 4.156989257812500000e+03 4.220786132812500000e+03 4.244062500000000000e+03 4.095503173828125000e+03
-7.345107515064871961e+01 9.780905273437500000e+03 7.957841796875000000e+03 5.585395996093750000e+03 5.049961425781250000e+03 4.949385253906250000e+03 4.996491210937500000e+03 4.906012207031250000e+03
-7.245128270096853385e+01 9.302388671875000000e+03 7.653811523437500000e+03 5.525918945312500000e+03 4.923545410156250000e+03 4.965401367187500000e+03 4.949770996093750000e+03 4.911020996093750000e+03
-7.145149025128836229e+01 9.833721679687500000e+03 8.099765625000000000e+03 5.637462402343750000e+03 5.143833984375000000e+03 4.944391601562500000e+03 4.885284667968750000e+03 4.891311035156250000e+03
-7.045169780160817652e+01 9.821463867187500000e+03 7.984135253906250000e+03 5.687954101562500000e+03 5.424909179687500000e+03 5.035342773437500000e+03 5.280490722656250000e+03 5.323457519531250000e+03
-6.945190535192799075e+01 1.005383203125000000e+04 7.987974121093750000e+03 5.540813476562500000e+03 4.802383300781250000e+03 4.836062500000000000e+03 4.881683593750000000e+03 4.873884277343750000e+03
-6.845211290224780498e+01 9.666254882812500000e+03 8.518891601562500000e+03 5.740713867187500000e+03 5.134050781250000000e+03 4.949384277343750000e+03 5.043015136718750000e+03 5.128997558593750000e+03
-6.745232045256761921e+01 8.172979003906250000e+03 6.292618652343750000e+03 4.798071289062500000e+03 4.368989746093750000e+03 4.342282226562500000e+03 4.400950195312500000e+03 4.249751464843750000e+03
-6.645252800288743344e+01 8.350897460937500000e+03 7.125472167968750000e+03 4.950389160156250000e+03 4.578951660156250000e+03 4.479556640625000000e+03 4.476613281250000000e+03 4.515179687500000000e+03
-6.545273555320726189e+01 9.848676757812500000e+03 7.868149902343750000e+03 5.647648925781250000e+03 4.726216796875000000e+03 4.737178222656250000e+03 4.788419433593750000e+03 4.633554687500000000e+03
-6.445294310352707612e+01 1.033904296875000000e+04 8.142572753906250000e+03 5.614219726562500000e+03 4.992057617187500000e+03 4.810207031250000000e+03 5.004010742187500000e+03 4.821708496093750000e+03
-6.345315065384689035e+01 9.053011718750000000e+03 7.453974121093750000e+03 5.025030273437500000e+03 4.478392578125000000e+03 4.277189453125000000e+03 4.395177734375000000e+03 4.556785644531250000e+03
-6.245335820416669748e+01 1.156443945312500000e+04 8.937907226562500000e+03 5.983589843750000000e+03 5.617523925781250000e+03 5.387946289062500000e+03 5.507934570312500000e+03 5.417094726562500000e+03
-6.145356575448651881e+01 1.125409863281250000e+04 8.837290039062500000e+03 5.771954589843750000e+03 5.179783691406250000e+03 5.179104980468750000e+03 5.038536621093750000e+03 5.242967285156250000e+03
-6.045377330480633304e+01 1.066588769531250000e+04 8.277847656250000000e+03 5.564432617187500000e+03 4.857270996093750000e+03 4.656983886718750000e+03 4.985896484375000000e+03 4.851596679687500000e+03
-5.945398085512614728e+01 1.061301367187500000e+04 8.614221679687500000e+03 5.872796875000000000e+03 5.016529785156250000e+03 5.035200195312500000e+03 5.018368164062500000e+03 5.004705566406250000e+03
-5.845418840544596861e+01 1.064032617187500000e+04 9.732349609375000000e+03 5.822096679687500000e+03 5.347579101562500000e+03 5.767025390625000000e+03 7.651252929687500000e+03 6.926035644531250000e+03
-5.745439595576578284e+01 1.120486621093750000e+04 8.358782226562500000e+03 5.717067871093750000e+03 5.413040039062500000e+03 5.080037597656250000e+03 5.147904785156250000e+03 5.288226074218750000e+03
-5.645460350608561839e+01 1.200116406250000000e+04 9.111799804687500000e+03 5.750340332031250000e+03 5.276269531250000000e+03 5.324170898437500000e+03 5.285140136718750000e+03 5.298195312500000000e+03
-5.545481105640543262e+01 1.203054003906250000e+04 8.725500000000000000e+03 6.194399414062500000e+03 5.201765625000000000e+03 5.352875488281250000e+03 5.346777343750000000e+03 5.278304199218750000e+03
-5.445501860672524685e+01 1.217965527343750000e+04 9.169590820312500000e+03 6.093097656250000000e+03 5.335055175781250000e+03 5.423173339843750000e+03 5.436170898437500000e+03 5.375502441406250000e+03
-5.345522615704506819e+01 1.190724414062500000e+04 9.111160156250000000e+03 6.471855957031250000e+03 5.962076171875000000e+03 5.765797363281250000e+03 5.885886718750000000e+03 5.765194824218750000e+03
-5.245543370736488242e+01 1.149377050781250000e+04 9.614358398437500000e+03 6.450851562500000000e+03 5.475747070312500000e+03 5.541901855468750000e+03 5.559086914062500000e+03 5.389704101562500000e+03
-5.145564125768469665e+01 4.682370117187500000e+03 3.760749023437500000e+03 2.922304443359375000e+03 2.010481079101562500e+03 2.074689697265625000e+03 2.040633544921875000e+03 2.002574584960937500e+03
-5.045584880800450378e+01 2.715412841796875000e+03 1.900834594726562500e+03 1.348880371093750000e+03 1.164712402343750000e+03 1.159707153320312500e+03 1.336472412109375000e+03 1.345687255859375000e+03
-4.945605635832432512e+01 1.077895800781250000e+04 8.568738281250000000e+03 5.583693847656250000e+03 4.832108886718750000e+03 4.794859375000000000e+03 4.833864257812500000e+03 4.751527832031250000e+03
-4.845626390864413935e+01 1.125738085937500000e+04 9.476450195312500000e+03 6.447880371093750000e+03 5.456913574218750000e+03 5.452093261718750000e+03 5.427306640625000000e+03 5.454227050781250000e+03
-4.745647145896395358e+01 1.132962597656250000e+04 8.773251953125000000e+03 6.001019042968750000e+03 5.345374511718750000e+03 5.265269531250000000e+03 5.293099609375000000e+03 5.224481933593750000e+03
-4.645667900928376781e+01 1.182363574218750000e+04 9.212799804687500000e+03 6.170063964843750000e+03 5.604033691406250000e+03 5.475057617187500000e+03 5.409287109375000000e+03 5.116636230468750000e+03
-4.545688655960360336e+01 1.200749609375000000e+04 9.713679687500000000e+03 6.297248535156250000e+03 5.905234375000000000e+03 5.619239257812500000e+03 5.531859375000000000e+03 5.490193847656250000e+03
-4.445709410992342470e+01 1.172979199218750000e+04 9.284091796875000000e+03 6.303507812500000000e+03 5.435205566406250000e+03 5.223263183593750000e+03 5.313317382812500000e+03 5.229372558593750000e+03
-4.345730166024323893e+01 1.143073339843750000e+04 9.438165039062500000e+03 6.484091308593750000e+03 5.378839355468750000e+03 5.256217285156250000e+03 5.335716308593750000e+03 5.172360839843750000e+03
-4.245750921056305316e+01 1.127184082031250000e+04 9.224245117187500000e+03 5.732464355468750000e+03 5.260308105468750000e+03 5.168621582031250000e+03 4.986086914062500000e+03 5.014789062500000000e+03
-4.145771676088286739e+01 1.128737792968750000e+04 8.870925781250000000e+03 6.005917968750000000e+03 5.032055175781250000e+03 5.198626953125000000e+03 5.069628906250000000e+03 5.034051269531250000e+03
-4.045792431120268162e+01 1.189707031250000000e+04 9.337964843750000000e+03 6.155115234375000000e+03 5.485830078125000000e+03 5.304490234375000000e+03 5.460753906250000000e+03 5.070313964843750000e+03
-3.945813186152249585e+01 5.288051757812500000e+03 4.012510742187500000e+03 2.866135742187500000e+03 2.931085449218750000e+03 3.049598632812500000e+03 2.835040039062500000e+03 2.847252197265625000e+03
-3.845833941184231008e+01 -5.019277954101562500e+01 -4.980855178833007812e+01 -4.904010009765625000e+01 -4.942432403564453125e+01 -4.878395080566406250e+01 -4.852780151367187500e+01 -4.839972305297851562e+01
-3.745854696216213142e+01 -5.468384933471679688e+01 -5.468384933471679688e+01 -5.468384933471679688e+01 -5.468384933471679688e+01 -5.468384933471679688e+01 -5.468384933471679688e+01 -5.468384933471679688e+01
-3.645875451248193855e+01 1.191749389648437500e+03 9.642526245117187500e+02 6.570990600585937500e+02 5.107352905273437500e+02 4.745220947265625000e+02 5.355197143554687500e+02 5.466458740234375000e+02
-3.545896206280175988e+01 9.971714843750000000e+03 7.853888183593750000e+03 5.150052246093750000e+03 4.591745117187500000e+03 4.440313476562500000e+03 4.357108886718750000e+03 4.184425781250000000e+03
-3.445916961312157412e+01 1.130881250000000000e+04 9.238000976562500000e+03 5.444935546875000000e+03 5.622042968750000000e+03 5.582003417968750000e+03 5.672295410156250000e+03 5.769416015625000000e+03
-3.345937716344140966e+01 1.117294042968750000e+04 8.789771484375000000e+03 5.452800292968750000e+03 4.919187500000000000e+03 4.683705566406250000e+03 4.572402832031250000e+03 4.753300781250000000e+03
-3.245958471376123100e+01 1.120262890625000000e+04 8.654806640625000000e+03 5.676247558593750000e+03 5.306242187500000000e+03 5.133890625000000000e+03 5.214468261718750000e+03 4.961100097656250000e+03
-3.145979226408104168e+01 1.095142871093750000e+04 8.643644531250000000e+03 5.896223632812500000e+03 4.978342285156250000e+03 5.092555175781250000e+03 5.230604492187500000e+03 5.155753906250000000e+03
-3.045999981440085946e+01 1.156784375000000000e+04 8.997690429687500000e+03 5.844832031250000000e+03 4.960236328125000000e+03 4.850979492187500000e+03 4.735657714843750000e+03 4.766416992187500000e+03
-2.946020736472067014e+01 1.138385351562500000e+04 8.954099609375000000e+03 5.748765136718750000e+03 4.988853027343750000e+03 4.945580078125000000e+03 4.862712890625000000e+03 4.929211914062500000e+03
-2.846041491504048793e+01 1.196191406250000000e+04 9.150379882812500000e+03 6.031751953125000000e+03 5.332057617187500000e+03 5.258741699218750000e+03 5.075516601562500000e+03 5.088765136718750000e+03
-2.746062246536029861e+01 1.103228515625000000e+04 8.978000000000000000e+03 5.892620605468750000e+03 5.231884765625000000e+03 5.051683593750000000e+03 4.935800292968750000e+03 4.832896972656250000e+03
-2.646083001568011639e+01 1.133811816406250000e+04 8.847476562500000000e+03 5.718892089843750000e+03 5.189715820312500000e+03 4.966113281250000000e+03 5.106231933593750000e+03 4.982075683593750000e+03
-2.546103756599993062e+01 1.084838574218750000e+04 8.605778320312500000e+03 5.564329589843750000e+03 5.264549316406250000e+03 5.203664550781250000e+03 5.039604492187500000e+03 4.886464843750000000e+03
-2.446124511631974840e+01 1.090272851562500000e+04 8.676088867187500000e+03 5.502451171875000000e+03 4.764337890625000000e+03 4.547643554687500000e+03 4.518143066406250000e+03 4.517752441406250000e+03
-2.346145266663955908e+01 1.113866113281250000e+04 8.403206054687500000e+03 5.891453125000000000e+03 4.668110351562500000e+03 4.664291015625000000e+03 4.706530761718750000e+03 4.681057128906250000e+03
-2.246166021695937687e+01 1.118123925781250000e+04 8.826134765625000000e+03 5.722592773437500000e+03 5.004210449218750000e+03 4.878092773437500000e+03 4.728768554687500000e+03 4.688456542968750000e+03
-2.146186776727921597e+01 1.069999316406250000e+04 8.515454101562500000e+03 5.474362304687500000e+03 4.817147460937500000e+03 4.701637695312500000e+03 4.733655273437500000e+03 4.614001953125000000e+03
-2.046207531759903020e+01 1.073777636718750000e+04 8.149501464843750000e+03 5.236279296875000000e+03 4.768219238281250000e+03 4.570994140625000000e+03 4.651052734375000000e+03 4.416258789062500000e+03
-1.946228286791884798e+01 1.038972949218750000e+04 8.369381835937500000e+03 5.113252441406250000e+03 4.663393554687500000e+03 4.549842773437500000e+03 4.317251953125000000e+03 4.365227539062500000e+03
-1.846249041823866222e+01 1.046923144531250000e+04 8.156772949218750000e+03 4.963224609375000000e+03 4.448538574218750000e+03 4.279680664062500000e+03 4.225481933593750000e+03 4.124090820312500000e+03
-1.746269796855847645e+01 9.495471679687500000e+03 7.465182617187500000e+03 4.595968750000000000e+03 4.229394531250000000e+03 4.036879638671875000e+03 3.935479736328125000e+03 3.801848388671875000e+03
-1.646290551887829068e+01 1.109747460937500000e+04 8.542238281250000000e+03 5.412207031250000000e+03 4.989143554687500000e+03 4.743718261718750000e+03 4.742483398437500000e+03 4.787115234375000000e+03
-1.546311306919810669e+01 1.096734863281250000e+04 8.476152343750000000e+03 5.261333984375000000e+03 4.802541503906250000e+03 4.685695800781250000e+03 4.691967773437500000e+03 4.561470214843750000e+03
-1.446332061951792092e+01 1.060954785156250000e+04 8.364295898437500000e+03 5.254558593750000000e+03 4.584851562500000000e+03 4.442413574218750000e+03 4.342811035156250000e+03 4.198993164062500000e+03
-1.346352816983773515e+01 1.063375195312500000e+04 8.354087890625000000e+03 5.223917968750000000e+03 4.724700683593750000e+03 4.666630371093750000e+03 4.601855957031250000e+03 4.483794433593750000e+03
-1.246373572015755116e+01 1.075691406250000000e+04 8.958007812500000000e+03 5.381104980468750000e+03 4.879219726562500000e+03 4.806529296875000000e+03 4.759272949218750000e+03 4.682417968750000000e+03
-1.146394327047736539e+01 1.036288769531250000e+04 8.125262695312500000e+03 4.960369140625000000e+03 4.377065429687500000e+03 4.348921386718750000e+03 4.205214843750000000e+03 4.164759277343750000e+03
-1.046415082079720449e+01 9.528510742187500000e+03 7.745299316406250000e+03 4.770763671875000000e+03 4.094202392578125000e+03 4.085861083984375000e+03 4.016246582031250000e+03 3.812593994140625000e+03
-9.464358371117020496e+00 9.836782226562500000e+03 8.430649414062500000e+03 5.060042968750000000e+03 4.169173339843750000e+03 4.047097656250000000e+03 4.092939941406250000e+03 3.895452636718750000e+03
-8.464565921436834728e+00 9.339165039062500000e+03 7.212687011718750000e+03 4.542785156250000000e+03 4.044996582031250000e+03 3.963681152343750000e+03 3.939304443359375000e+03 3.947813232421875000e+03
-7.464773471756649847e+00 8.879414062500000000e+03 7.033275390625000000e+03 4.538800781250000000e+03 3.963644287109375000e+03 3.808553222656250000e+03 3.766166748046875000e+03 3.781147949218750000e+03
-6.464981022076464967e+00 9.088835937500000000e+03 7.255349121093750000e+03 4.577509277343750000e+03 4.005922363281250000e+03 3.821008056640625000e+03 3.931354248046875000e+03 3.920454345703125000e+03
-5.465188572396279199e+00 8.979051757812500000e+03 6.920084960937500000e+03 4.525743164062500000e+03 3.874348144531250000e+03 3.880437744140625000e+03 3.826913330078125000e+03 3.811260986328125000e+03
-4.465396122716095206e+00 9.972839843750000000e+03 7.473419433593750000e+03 4.788427734375000000e+03 4.165409667968750000e+03 4.023679199218750000e+03 4.013427246093750000e+03 3.939814941406250000e+03
-3.465603673035909882e+00 9.574885742187500000e+03 7.539550292968750000e+03 4.825140625000000000e+03 4.243918457031250000e+03 4.036208496093750000e+03 4.051060058593750000e+03 3.951725585937500000e+03
-2.465811223355724557e+00 9.407034179687500000e+03 7.114083496093750000e+03 4.551048828125000000e+03 4.034526123046875000e+03 3.842118408203125000e+03 3.896685791015625000e+03 3.961514160156250000e+03
-1.466018773675539677e+00 6.544663574218750000e+03 5.072317871093750000e+03 3.026172851562500000e+03 2.658040283203125000e+03 2.631523193359375000e+03 2.767100830078125000e+03 2.548080078125000000e+03
-4.662263239953545191e-01 -5.491441345214843750e+01 -5.491441345214843750e+01 -5.491441345214843750e+01 -5.491441345214843750e+01 -5.491441345214843750e+01 -5.491441345214843750e+01 -5.491441345214843750e+01
5.335661256848306389e-01 -5.491713714599609375e+01 -5.491713714599609375e+01 -5.491713714599609375e+01 -5.491713714599609375e+01 -5.491713714599609375e+01 -5.491713714599609375e+01 -5.491713714599609375e+01
1.533358575364990317e+00 6.044205566406250000e+03 4.830407714843750000e+03 2.986005859375000000e+03 2.727380859375000000e+03 2.609201904296875000e+03 2.468574707031250000e+03 2.668252929687500000e+03
2.533151025045175420e+00 1.095803808593750000e+04 8.753324218750000000e+03 5.620216308593750000e+03 4.879040039062500000e+03 4.794207519531250000e+03 4.856995605468750000e+03 4.686269042968750000e+03
3.532943474725360300e+00 1.050767675781250000e+04 8.282143554687500000e+03 5.194460937500000000e+03 4.535460449218750000e+03 4.360920898437500000e+03 4.307960937500000000e+03 4.205058593750000000e+03
4.532735924405545624e+00 9.975188476562500000e+03 7.844610351562500000e+03 4.963316406250000000e+03 4.353099121093750000e+03 4.292940429687500000e+03 4.210543945312500000e+03 4.265113281250000000e+03
5.532528374085730505e+00 9.724470703125000000e+03 7.752687011718750000e+03 4.915655761718750000e+03 4.440408203125000000e+03 4.251125000000000000e+03 4.186842285156250000e+03 4.202836914062500000e+03
6.532320823765916273e+00 9.975064453125000000e+03 7.696228027343750000e+03 5.289813964843750000e+03 4.593050781250000000e+03 4.650003906250000000e+03 4.548434082031250000e+03 4.404430664062500000e+03
7.532113273446101154e+00 9.373582031250000000e+03 7.603015625000000000e+03 5.239236328125000000e+03 4.532073730468750000e+03 4.480880859375000000e+03 4.334406250000000000e+03 4.284589843750000000e+03
8.531905723126286034e+00 9.574266601562500000e+03 7.917371582031250000e+03 5.348542968750000000e+03 4.845041015625000000e+03 4.475959960937500000e+03 4.629033203125000000e+03 4.508190917968750000e+03
9.531698172806471803e+00 1.025461328125000000e+04 8.350828125000000000e+03 5.537230957031250000e+03 4.905414550781250000e+03 4.757554687500000000e+03 4.796948730468750000e+03 4.630996582031250000e+03
1.053149062248665757e+01 1.099586035156250000e+04 8.905937500000000000e+03 5.751219726562500000e+03 5.093123535156250000e+03 4.990178710937500000e+03 4.928214843750000000e+03 4.773902832031250000e+03
1.153128307216683979e+01 1.080564160156250000e+04 8.921400390625000000e+03 5.500806152343750000e+03 5.081343261718750000e+03 5.025861328125000000e+03 4.990153808593750000e+03 4.995139160156250000e+03
1.253107552184702733e+01 1.121795605468750000e+04 9.346625976562500000e+03 6.044104492187500000e+03 5.402655761718750000e+03 5.203746582031250000e+03 5.168979980468750000e+03 5.076147949218750000e+03
1.353086797152718646e+01 1.221418554687500000e+04 1.027492285156250000e+04 6.543127441406250000e+03 5.697971191406250000e+03 5.666462890625000000e+03 5.395575195312500000e+03 5.402682128906250000e+03
1.453066042120737045e+01 1.114185253906250000e+04 9.019549804687500000e+03 6.042145019531250000e+03 5.208821289062500000e+03 4.948050292968750000e+03 4.909928222656250000e+03 4.753764160156250000e+03
1.553045287088755622e+01 1.109425976562500000e+04 9.295600585937500000e+03 7.443633300781250000e+03 5.501315429687500000e+03 5.363447265625000000e+03 5.183199707031250000e+03 5.005520507812500000e+03
1.653024532056774021e+01 1.161116699218750000e+04 9.070625000000000000e+03 6.066621093750000000e+03 5.593970703125000000e+03 5.559651367187500000e+03 5.454492675781250000e+03 5.314652832031250000e+03
1.753003777024792598e+01 1.062461914062500000e+04 8.659222656250000000e+03 5.680598144531250000e+03 5.124624511718750000e+03 4.897102050781250000e+03 4.679912109375000000e+03 4.538653808593750000e+03
1.852983021992811175e+01 1.143962402343750000e+04 9.709637695312500000e+03 6.367806152343750000e+03 5.553075683593750000e+03 5.356911621093750000e+03 5.331749511718750000e+03 5.241716308593750000e+03
1.952962266960829751e+01 1.247810449218750000e+04 9.832430664062500000e+03 6.540615722656250000e+03 5.634558593750000000e+03 5.569087890625000000e+03 5.596458984375000000e+03 5.281628417968750000e+03
2.052941511928848328e+01 1.211904687500000000e+04 9.415939453125000000e+03 6.346218261718750000e+03 5.655172851562500000e+03 5.399753417968750000e+03 5.325299316406250000e+03 5.414798828125000000e+03
2.152920756896866905e+01 1.143923535156250000e+04 9.339853515625000000e+03 7.627189941406250000e+03 5.654352050781250000e+03 5.342361816406250000e+03 5.544818847656250000e+03 5.442193847656250000e+03
2.252900001864885127e+01 1.126228613281250000e+04 8.928255859375000000e+03 6.178118652343750000e+03 5.343411132812500000e+03 5.227833984375000000e+03 5.154729980468750000e+03 5.031169921875000000e+03
2.352879246832904059e+01 1.200060253906250000e+04 9.657627929687500000e+03 6.494464843750000000e+03 5.750935058593750000e+03 5.557020019531250000e+03 5.507056152343750000e+03 5.323749511718750000e+03
2.452858491800919438e+01 1.298217187500000000e+04 1.083038574218750000e+04 7.338390625000000000e+03 6.480936035156250000e+03 5.975544921875000000e+03 5.663964843750000000e+03 5.556866210937500000e+03
2.552837736768938370e+01 1.153060644531250000e+04 9.541200195312500000e+03 6.447804687500000000e+03 5.378986328125000000e+03 5.295395507812500000e+03 5.142489257812500000e+03 5.202720214843750000e+03
2.652816981736956947e+01 1.177692871093750000e+04 9.253212890625000000e+03 6.299569824218750000e+03 5.555417968750000000e+03 5.385604980468750000e+03 5.300075683593750000e+03 5.137500976562500000e+03
2.752796226704975169e+01 1.228150683593750000e+04 9.433460937500000000e+03 6.512967773437500000e+03 5.592725097656250000e+03 5.378132324218750000e+03 5.214310058593750000e+03 5.193144531250000000e+03
2.852775471672993390e+01 1.253268457031250000e+04 1.000407128906250000e+04 6.763845703125000000e+03 5.920443847656250000e+03 5.516886718750000000e+03 5.660616699218750000e+03 5.514280273437500000e+03
2.952754716641012322e+01 1.216211328125000000e+04 9.953554687500000000e+03 6.658719238281250000e+03 6.264762695312500000e+03 6.069256347656250000e+03 5.856962890625000000e+03 5.806222656250000000e+03
3.052733961609030899e+01 1.237906347656250000e+04 1.006747363281250000e+04 6.861671875000000000e+03 6.167491210937500000e+03 6.021752441406250000e+03 5.835072265625000000e+03 5.675078613281250000e+03
3.152713206577049121e+01 1.377439453125000000e+04 1.010215625000000000e+04 6.630475097656250000e+03 5.726950683593750000e+03 5.693046386718750000e+03 5.587624511718750000e+03 5.651485351562500000e+03
3.252692451545067343e+01 1.278953613281250000e+04 1.016380371093750000e+04 6.511487304687500000e+03 5.878665527343750000e+03 5.625317382812500000e+03 5.460082519531250000e+03 5.543549804687500000e+03
3.352671696513086630e+01 1.284999707031250000e+04 1.039790429687500000e+04 6.889630371093750000e+03 6.207928222656250000e+03 6.189283203125000000e+03 5.878643554687500000e+03 5.896146484375000000e+03
3.452650941481105207e+01 1.219041894531250000e+04 9.853276367187500000e+03 6.523674316406250000e+03 5.927452636718750000e+03 5.760922363281250000e+03 5.577179199218750000e+03 5.732072265625000000e+03
3.552630186449123073e+01 1.001661718750000000e+04 8.188514160156250000e+03 5.420215332031250000e+03 4.803643554687500000e+03 4.817489746093750000e+03 4.687101562500000000e+03 4.530590332031250000e+03
3.652609431417139518e+01 1.180101074218750000e+03 1.230377441406250000e+03 8.754347534179687500e+02 7.659208374023437500e+02 7.434091796875000000e+02 6.480938110351562500e+02 6.502587280273437500e+02
3.752588676385157385e+01 -5.487515258789062500e+01 -5.487515258789062500e+01 -5.487515258789062500e+01 -5.487515258789062500e+01 -5.487515258789062500e+01 -5.487515258789062500e+01 -5.487515258789062500e+01
3.852567921353176672e+01 -5.487104034423828125e+01 -5.487104034423828125e+01 -5.487104034423828125e+01 -5.487104034423828125e+01 -5.487104034423828125e+01 -5.487104034423828125e+01 -5.487104034423828125e+01
3.952547166321194538e+01 5.047745117187500000e+03 4.278730468750000000e+03 2.698425048828125000e+03 2.271852050781250000e+03 2.252287597656250000e+03 2.206129882812500000e+03 2.151660644531250000e+03
4.052526411289213115e+01 1.274194433593750000e+04 1.038057031250000000e+04 6.795358886718750000e+03 5.878338378906250000e+03 5.784245605468750000e+03 5.616190917968750000e+03 5.597440429687500000e+03
4.152505656257231692e+01 1.198152441406250000e+04 9.948817382812500000e+03 6.652025878906250000e+03 5.864901855468750000e+03 5.573600585937500000e+03 5.449250488281250000e+03 5.483907714843750000e+03
4.252484901225250269e+01 1.338578125000000000e+04 1.058189062500000000e+04 7.001020507812500000e+03 6.099926757812500000e+03 5.696359375000000000e+03 5.692189453125000000e+03 5.467988769531250000e+03
4.352464146193268846e+01 1.370673828125000000e+04 1.118202441406250000e+04 7.604825683593750000e+03 6.511101562500000000e+03 5.879166503906250000e+03 5.799610351562500000e+03 5.902655761718750000e+03
4.452443391161286712e+01 1.333496972656250000e+04 1.066581445312500000e+04 6.999238769531250000e+03 6.354282714843750000e+03 5.964162597656250000e+03 5.735760253906250000e+03 5.617713378906250000e+03
4.552422636129305999e+01 1.258337304687500000e+04 1.022622167968750000e+04 6.796688964843750000e+03 5.911322753906250000e+03 5.936579101562500000e+03 5.863814941406250000e+03 5.660505859375000000e+03
4.652401881097324576e+01 1.256318457031250000e+04 1.107653808593750000e+04 6.581088867187500000e+03 5.818676757812500000e+03 5.666920410156250000e+03 5.529512695312500000e+03 5.474315429687500000e+03
4.752381126065340311e+01 1.197046093750000000e+04 1.017170410156250000e+04 6.746341308593750000e+03 5.985490234375000000e+03 5.956300292968750000e+03 5.751644042968750000e+03 5.820635253906250000e+03
4.852360371033359598e+01 1.226239746093750000e+04 1.026362304687500000e+04 6.530428222656250000e+03 5.868947265625000000e+03 5.616968750000000000e+03 5.491395507812500000e+03 5.282095214843750000e+03
4.952339616001376754e+01 1.163897460937500000e+04 9.486397460937500000e+03 6.502933105468750000e+03 5.617708007812500000e+03 5.438271972656250000e+03 5.384646484375000000e+03 5.218924804687500000e+03
5.052318860969396042e+01 2.901259521484375000e+03 2.185191650390625000e+03 1.473070068359375000e+03 1.280141601562500000e+03 1.294472656250000000e+03 1.236137939453125000e+03 1.244031494140625000e+03
5.152298105937414618e+01 3.822196289062500000e+03 3.528861572265625000e+03 2.368757812500000000e+03 2.038741943359375000e+03 1.820574218750000000e+03 1.870970581054687500e+03 1.889370727539062500e+03
5.252277350905433195e+01 1.215515625000000000e+04 9.796974609375000000e+03 7.059460449218750000e+03 5.649921386718750000e+03 5.734874023437500000e+03 5.771986816406250000e+03 5.561098632812500000e+03
5.352256595873451062e+01 1.235503222656250000e+04 1.014549511718750000e+04 6.546177246093750000e+03 5.752117187500000000e+03 5.997557617187500000e+03 5.666832031250000000e+03 5.680226562500000000e+03
5.452235840841469638e+01 1.180553125000000000e+04 9.715867187500000000e+03 6.418204589843750000e+03 5.797342773437500000e+03 5.734954101562500000e+03 5.678899414062500000e+03 5.656127441406250000e+03
5.552215085809488926e+01 1.107007617187500000e+04 1.021160449218750000e+04 6.337550781250000000e+03 5.380219238281250000e+03 5.190096679687500000e+03 5.180488281250000000e+03 5.009117187500000000e+03
5.652194330777507503e+01 1.111990136718750000e+04 9.022042968750000000e+03 6.377996582031250000e+03 5.508358398437500000e+03 5.425535156250000000e+03 5.146301757812500000e+03 5.137083984375000000e+03
5.752173575745525369e+01 1.176754394531250000e+04 9.520213867187500000e+03 6.914354492187500000e+03 5.973248046875000000e+03 5.526416015625000000e+03 5.428286621093750000e+03 5.358575195312500000e+03
5.852152820713543946e+01 1.112996875000000000e+04 9.143984375000000000e+03 6.161002441406250000e+03 5.410836425781250000e+03 5.319943359375000000e+03 4.981627441406250000e+03 5.020396484375000000e+03
5.952132065681562523e+01 1.105467480468750000e+04 9.062567382812500000e+03 6.322498046875000000e+03 5.761441894531250000e+03 5.612293457031250000e+03 5.368346679687500000e+03 5.227441406250000000e+03
6.052111310649581100e+01 1.084303125000000000e+04 8.838942382812500000e+03 6.650820800781250000e+03 5.710386718750000000e+03 5.519665527343750000e+03 5.271141113281250000e+03 5.163930175781250000e+03
6.152090555617598966e+01 1.050448144531250000e+04 8.456611328125000000e+03 5.837828613281250000e+03 5.143680175781250000e+03 4.851121093750000000e+03 4.811783691406250000e+03 4.751909179687500000e+03
6.252069800585618253e+01 1.128215234375000000e+04 9.082634765625000000e+03 6.031221191406250000e+03 5.467841308593750000e+03 5.245254882812500000e+03 5.483092285156250000e+03 5.291997558593750000e+03
6.352049045553636830e+01 9.516308593750000000e+03 7.813192382812500000e+03 5.138237304687500000e+03 4.870391601562500000e+03 4.962983398437500000e+03 4.791815429687500000e+03 4.698850097656250000e+03
6.452028290521656118e+01 1.111733886718750000e+04 9.107548828125000000e+03 6.259787109375000000e+03 5.549361816406250000e+03 5.375846679687500000e+03 5.493354492187500000e+03 5.447968750000000000e+03
6.552007535489669010e+01 1.050623046875000000e+04 8.417843750000000000e+03 6.429438964843750000e+03 5.551621582031250000e+03 5.375983886718750000e+03 5.315125488281250000e+03 5.200694335937500000e+03
6.651986780457687587e+01 9.001928710937500000e+03 7.458923828125000000e+03 5.256894042968750000e+03 4.723677246093750000e+03 4.422555175781250000e+03 4.446587890625000000e+03 4.397563476562500000e+03
6.751966025425704743e+01 9.164013671875000000e+03 7.555000976562500000e+03 5.218519042968750000e+03 4.588434570312500000e+03 4.503772460937500000e+03 4.482418945312500000e+03 4.561711914062500000e+03
6.851945270393724741e+01 1.118672265625000000e+04 8.509757812500000000e+03 6.075897460937500000e+03 5.460923828125000000e+03 5.273012207031250000e+03 5.367578613281250000e+03 5.125748535156250000e+03
6.951924515361743317e+01 1.113849609375000000e+04 9.256962890625000000e+03 6.421417968750000000e+03 5.770000488281250000e+03 5.693712890625000000e+03 5.630552734375000000e+03 5.539994628906250000e+03
7.051903760329760473e+01 1.125259667968750000e+04 9.298112304687500000e+03 6.207826171875000000e+03 5.513874023437500000e+03 5.533258300781250000e+03 5.490362792968750000e+03 5.374780761718750000e+03
7.151883005297779050e+01 1.076696093750000000e+04 8.884285156250000000e+03 6.230812988281250000e+03 5.505927734375000000e+03 5.408671875000000000e+03 5.438411132812500000e+03 5.331330078125000000e+03
7.251862250265797627e+01 1.065243750000000000e+04 8.660929687500000000e+03 6.151547363281250000e+03 5.675628906250000000e+03 5.459693359375000000e+03 5.191019531250000000e+03 5.167155273437500000e+03
7.351841495233816204e+01 1.039763476562500000e+04 8.812912109375000000e+03 6.292256347656250000e+03 5.586332519531250000e+03 5.483460937500000000e+03 5.460046386718750000e+03 5.404501464843750000e+03
7.451820740201836202e+01 9.996661132812500000e+03 8.270173828125000000e+03 5.714456542968750000e+03 5.158028320312500000e+03 5.220328125000000000e+03 5.053254394531250000e+03 4.933458984375000000e+03
7.551799985169853358e+01 1.114893750000000000e+04 8.908111328125000000e+03 6.010118652343750000e+03 5.638849609375000000e+03 5.474373046875000000e+03 5.712912597656250000e+03 5.834210937500000000e+03
7.651779230137871934e+01 1.092981250000000000e+04 9.197733398437500000e+03 6.550234375000000000e+03 5.668862792968750000e+03 5.755921875000000000e+03 5.751880371093750000e+03 5.533911621093750000e+03
7.751758475105890511e+01 1.039606835937500000e+04 8.872471679687500000e+03 6.255746093750000000e+03 5.725070800781250000e+03 6.338500488281250000e+03 6.371587890625000000e+03 6.673176269531250000e+03
7.851737720073909088e+01 1.081460546875000000e+04 9.332318359375000000e+03 5.995933105468750000e+03 5.504369140625000000e+03 5.618095703125000000e+03 5.479459960937500000e+03 5.470484863281250000e+03
7.951716965041927665e+01 1.070761230468750000e+04 9.197595703125000000e+03 6.340682617187500000e+03 5.766799804687500000e+03 5.346478515625000000e+03 5.337485839843750000e+03 5.198873046875000000e+03
8.051696210009946242e+01 1.028617675781250000e+04 8.285293945312500000e+03 6.148915039062500000e+03 5.456210449218750000e+03 5.295829101562500000e+03 5.251880859375000000e+03 5.093375000000000000e+03
8.151675454977964819e+01 1.014906152343750000e+04 8.180606933593750000e+03 5.849535156250000000e+03 5.296776855468750000e+03 5.238728515625000000e+03 5.310410156250000000e+03 5.035497558593750000e+03
8.251654699945983396e+01 1.034090136718750000e+04 8.570736328125000000e+03 5.863853515625000000e+03 5.464176269531250000e+03 5.134639648437500000e+03 4.983650878906250000e+03 5.148291015625000000e+03
8.351633944914001972e+01 1.082472558593750000e+04 8.758684570312500000e+03 6.101259277343750000e+03 5.703199707031250000e+03 5.810046386718750000e+03 5.719938964843750000e+03 5.546070800781250000e+03
8.451613189882020549e+01 9.493849609375000000e+03 7.655698242187500000e+03 5.300768554687500000e+03 4.847651367187500000e+03 4.746406738281250000e+03 4.645455078125000000e+03 4.654399902343750000e+03
8.551592434850037705e+01 1.007354492187500000e+04 8.547234375000000000e+03 6.082399902343750000e+03 5.330251953125000000e+03 5.227822753906250000e+03 5.387957031250000000e+03 5.348745117187500000e+03
8.651571679818056282e+01 1.008363183593750000e+04 8.045291015625000000e+03 5.719330566406250000e+03 5.031414062500000000e+03 5.027082031250000000e+03 4.940562500000000000e+03 4.916257812500000000e+03
8.751550924786074859e+01 1.136082519531250000e+04 8.880969726562500000e+03 6.363287597656250000e+03 5.518891113281250000e+03 5.347393066406250000e+03 5.398282714843750000e+03 5.341547363281250000e+03
8.851530169754089172e+01 1.065823242187500000e+04 8.314425781250000000e+03 6.173018554687500000e+03 5.708222656250000000e+03 5.556563476562500000e+03 5.722268554687500000e+03 5.581050781250000000e+03
8.951509414722107749e+01 1.106549316406250000e+04 8.904264648437500000e+03 6.243645996093750000e+03 5.576796875000000000e+03 5.615174316406250000e+03 5.757915039062500000e+03 5.462767089843750000e+03
9.051488659690126326e+01 1.057217187500000000e+04 8.504091796875000000e+03 5.781778808593750000e+03 5.064413085937500000e+03 5.321975585937500000e+03 5.168087890625000000e+03 5.093638183593750000e+03
9.151467904658144903e+01 1.024847363281250000e+04 8.248852539062500000e+03 6.038436523437500000e+03 5.534777343750000000e+03 5.253146972656250000e+03 5.350950683593750000e+03 5.362024902343750000e+03
9.251447149626163480e+01 9.367055664062500000e+03 8.135092285156250000e+03 5.956954589843750000e+03 5.259512207031250000e+03 5.197765136718750000e+03 5.034947753906250000e+03 5.260206542968750000e+03
9.351426394594182057e+01 1.032959667968750000e+04 8.650632812500000000e+03 6.283985351562500000e+03 5.739420898437500000e+03 5.395688964843750000e+03 5.571003906250000000e+03 5.474891113281250000e+03
9.451405639562199212e+01 8.762780273437500000e+03 7.502490234375000000e+03 4.980000976562500000e+03 4.669226074218750000e+03 4.566734863281250000e+03 4.407982421875000000e+03 4.300358886718750000e+03
9.551384884530217789e+01 9.572159179687500000e+03 8.061142089843750000e+03 6.135805664062500000e+03 5.831325683593750000e+03 5.264742675781250000e+03 4.995078125000000000e+03 4.962596679687500000e+03
9.651364129498236366e+01 1.005968261718750000e+04 8.633339843750000000e+03 5.952444824218750000e+03 5.544635253906250000e+03 5.260205078125000000e+03 5.168269531250000000e+03 5.148401855468750000e+03
9.751343374466256364e+01 1.040648632812500000e+04 8.596840820312500000e+03 6.293879394531250000e+03 5.311728027343750000e+03 5.251940917968750000e+03 5.280680664062500000e+03 5.267572753906250000e+03
9.851322619434274941e+01 1.020567382812500000e+04 8.668326171875000000e+03 5.756479492187500000e+03 5.499101562500000000e+03 5.113319824218750000e+03 5.151509277343750000e+03 5.070639648437500000e+03
9.951301864402293518e+01 9.876628906250000000e+03 8.602642578125000000e+03 5.667865722656250000e+03 5.151452148437500000e+03 5.046243652343750000e+03 4.889209960937500000e+03 4.967040039062500000e+03
1.005128110937031209e+02 9.764915039062500000e+03 8.165800781250000000e+03 5.859943847656250000e+03 5.311458007812500000e+03 5.320819824218750000e+03 5.009933593750000000e+03 5.260075683593750000e+03
1.015126035433833067e+02 9.867198242187500000e+03 8.598214843750000000e+03 5.973092773437500000e+03 5.364772949218750000e+03 5.484310546875000000e+03 5.180152832031250000e+03 5.162358886718750000e+03
1.025123959930634783e+02 9.998473632812500000e+03 8.208341796875000000e+03 5.857808593750000000e+03 5.599405273437500000e+03 5.354948730468750000e+03 5.380272460937500000e+03 5.441352539062500000e+03
1.035121884427436640e+02 1.011451855468750000e+04 8.597545898437500000e+03 5.722560058593750000e+03 4.987953125000000000e+03 5.122492675781250000e+03 5.008889648437500000e+03 5.127807617187500000e+03
1.045119808924238498e+02 9.412655273437500000e+03 8.043959472656250000e+03 5.492695800781250000e+03 5.015046386718750000e+03 4.905222656250000000e+03 5.025566406250000000e+03 4.903213378906250000e+03
1.055117733421040356e+02 9.355665039062500000e+03 7.871544921875000000e+03 5.468210937500000000e+03 5.204149414062500000e+03 4.857625488281250000e+03 4.776694335937500000e+03 4.726018066406250000e+03
1.065115657917842213e+02 1.046552148437500000e+04 8.619771484375000000e+03 5.810479003906250000e+03 5.324371582031250000e+03 5.337053710937500000e+03 5.165272949218750000e+03 5.075172363281250000e+03
1.075113582414644071e+02 1.000521386718750000e+04 8.560854492187500000e+03 5.969123046875000000e+03 5.941715820312500000e+03 5.652418457031250000e+03 5.910009765625000000e+03 5.692134277343750000e+03
1.085111506911446071e+02 9.675353515625000000e+03 8.585860351562500000e+03 6.241666503906250000e+03 5.392997070312500000e+03 5.288278320312500000e+03 5.345623535156250000e+03 5.100317382812500000e+03
1.095109431408247929e+02 1.038728222656250000e+04 8.534985351562500000e+03 6.158036132812500000e+03 5.397775390625000000e+03 5.297175292968750000e+03 5.440312988281250000e+03 5.326519531250000000e+03
1.105107355905049502e+02 1.063537695312500000e+04 8.186194335937500000e+03 6.993284667968750000e+03 5.323338378906250000e+03 5.437050781250000000e+03 5.335090332031250000e+03 5.208439941406250000e+03
1.115105280401851076e+02 9.817549804687500000e+03 8.119930664062500000e+03 5.679955566406250000e+03 5.156764648437500000e+03 4.812595214843750000e+03 4.877016113281250000e+03 4.778084960937500000e+03
1.125103204898652791e+02 9.437055664062500000e+03 7.446956054687500000e+03 5.258524902343750000e+03 4.651421875000000000e+03 4.508916015625000000e+03 4.554148437500000000e+03 4.284250000000000000e+03
1.135101129395454649e+02 8.676347656250000000e+03 7.661723144531250000e+03 5.650770507812500000e+03 4.735135742187500000e+03 4.573582031250000000e+03 4.381328613281250000e+03 4.595234375000000000e+03
1.145099053892256507e+02 1.027250097656250000e+04 8.340820312500000000e+03 6.291857910156250000e+03 5.153731445312500000e+03 5.114373535156250000e+03 5.095341308593750000e+03 5.122825683593750000e+03
1.155096978389058364e+02 9.599592773437500000e+03 8.184970214843750000e+03 5.801136718750000000e+03 5.175246582031250000e+03 4.921319335937500000e+03 4.988380859375000000e+03 4.938914550781250000e+03
1.165094902885860222e+02 9.929176757812500000e+03 8.350270507812500000e+03 7.226046386718750000e+03 5.007535644531250000e+03 4.828635253906250000e+03 4.973702148437500000e+03 4.826812500000000000e+03
1.175092827382662080e+02 1.008890332031250000e+04 8.871823242187500000e+03 6.071867187500000000e+03 5.397053710937500000e+03 5.063096191406250000e+03 5.193266601562500000e+03 5.339916015625000000e+03
1.185090751879464079e+02 1.024099804687500000e+04 8.709799804687500000e+03 6.196826171875000000e+03 5.731104980468750000e+03 5.621373535156250000e+03 5.582473144531250000e+03 5.570072753906250000e+03
1.195088676376265653e+02 1.077283886718750000e+04 8.515404296875000000e+03 5.847200195312500000e+03 5.598070312500000000e+03 5.296067871093750000e+03 5.211329589843750000e+03 5.168636230468750000e+03
1.205086600873067653e+02 1.035354785156250000e+04 8.395899414062500000e+03 5.844600097656250000e+03 5.177724609375000000e+03 4.971669921875000000e+03 4.936603515625000000e+03 4.800309570312500000e+03
1.215084525369869510e+02 1.033143066406250000e+04 8.579666015625000000e+03 6.657273437500000000e+03 5.553362792968750000e+03 5.485366699218750000e+03 5.167734863281250000e+03 5.119900390625000000e+03
1.225082449866671368e+02 1.060160449218750000e+04 8.549012695312500000e+03 6.234162597656250000e+03 5.662677734375000000e+03 5.594058593750000000e+03 5.546283203125000000e+03 5.455006835937500000e+03
1.235080374363473226e+02 1.029455859375000000e+04 8.656408203125000000e+03 5.509408691406250000e+03 5.234650390625000000e+03 5.265044921875000000e+03 5.276540527343750000e+03 5.184169433593750000e+03
1.245078298860275083e+02 1.230991796875000000e+04 9.122667968750000000e+03 6.394792480468750000e+03 6.312869140625000000e+03 6.191337402343750000e+03 5.999397949218750000e+03 5.864980957031250000e+03
1.255076223357076941e+02 1.048456640625000000e+04 9.008489257812500000e+03 6.125306640625000000e+03 5.507120605468750000e+03 5.484657714843750000e+03 5.708940917968750000e+03 5.417437988281250000e+03
1.265074147853878799e+02 1.140246582031250000e+04 9.685018554687500000e+03 6.502373046875000000e+03 6.248098144531250000e+03 6.171933105468750000e+03 6.297854980468750000e+03 6.059355957031250000e+03
1.275072072350680656e+02 1.043461132812500000e+04 8.740417968750000000e+03 5.535336914062500000e+03 4.878190429687500000e+03 4.860125976562500000e+03 4.722624511718750000e+03 4.689337890625000000e+03
1.285069996847482514e+02 1.152003222656250000e+04 9.471050781250000000e+03 6.347058593750000000e+03 5.481786621093750000e+03 5.479604492187500000e+03 5.487365234375000000e+03 5.359810058593750000e+03
1.295067921344284230e+02 1.209367871093750000e+04 9.536256835937500000e+03 6.307691894531250000e+03 5.664983886718750000e+03 5.527331054687500000e+03 5.501932617187500000e+03 5.420021484375000000e+03
1.305065845841086229e+02 1.194858300781250000e+04 9.204127929687500000e+03 6.416273925781250000e+03 5.950280273437500000e+03 5.911006347656250000e+03 5.998311035156250000e+03 5.773254394531250000e+03
1.315063770337887945e+02 1.156255566406250000e+04 9.413833984375000000e+03 6.556771972656250000e+03 5.657536132812500000e+03 5.610911621093750000e+03 5.409211914062500000e+03 5.468547363281250000e+03
1.325061694834689945e+02 1.177501562500000000e+04 9.455364257812500000e+03 6.345564941406250000e+03 6.047312500000000000e+03 5.715828613281250000e+03 5.532046386718750000e+03 5.359612792968750000e+03
1.335059619331491660e+02 1.143839550781250000e+04 9.436340820312500000e+03 6.311956542968750000e+03 5.646095703125000000e+03 5.480381835937500000e+03 5.474269042968750000e+03 5.284187988281250000e+03
1.345057543828293660e+02 1.131596582031250000e+04 9.256481445312500000e+03 6.138616699218750000e+03 5.939877441406250000e+03 5.887416503906250000e+03 5.998295898437500000e+03 5.944999023437500000e+03
1.355055468325095092e+02 1.245106152343750000e+04 1.032850195312500000e+04 6.568030273437500000e+03 5.822516601562500000e+03 5.448298828125000000e+03 5.389091308593750000e+03 5.335383300781250000e+03
1.365053392821896807e+02 1.221983789062500000e+04 1.043304980468750000e+04 6.776423339843750000e+03 5.725004394531250000e+03 5.477201171875000000e+03 5.556337402343750000e+03 5.479435546875000000e+03
1.375051317318698523e+02 1.228981835937500000e+04 9.440383789062500000e+03 6.311208496093750000e+03 5.689943359375000000e+03 5.601005371093750000e+03 5.746779296875000000e+03 5.627919433593750000e+03
1.385049241815500523e+02 1.226389160156250000e+04 9.620919921875000000e+03 6.459131347656250000e+03 5.764828125000000000e+03 5.905046875000000000e+03 6.678461425781250000e+03 6.116043945312500000e+03
1.395047166312302238e+02 1.141178027343750000e+04 9.122941406250000000e+03 6.145391113281250000e+03 5.378813476562500000e+03 5.315163574218750000e+03 5.225566406250000000e+03 5.111546875000000000e+03
1.405045090809104238e+02 3.949426757812500000e+03 2.888055908203125000e+03 1.905770019531250000e+03 1.802111083984375000e+03 1.677638549804687500e+03 1.652873168945312500e+03 1.742571044921875000e+03
1.415043015305905953e+02 -5.480797576904296875e+01 -5.480797576904296875e+01 -5.480797576904296875e+01 -5.480797576904296875e+01 -5.480797576904296875e+01 -5.480797576904296875e+01 -5.480797576904296875e+01
1.425040939802707953e+02 -5.481120681762695312e+01 -5.481120681762695312e+01 -5.481120681762695312e+01 -5.481120681762695312e+01 -5.481120681762695312e+01 -5.481120681762695312e+01 -5.481120681762695312e+01
1.435038864299509669e+02 4.567537536621093750e+02 3.418930664062500000e+02 1.297183227539062500e+02 9.980361175537109375e+01 8.702677917480468750e+01 1.006182632446289062e+02 1.009197463989257812e+02
1.445036788796311669e+02 1.051938574218750000e+04 8.495253906250000000e+03 5.396296875000000000e+03 4.781665039062500000e+03 4.680964355468750000e+03 4.385191406250000000e+03 4.399558105468750000e+03
1.455034713293113384e+02 1.091384375000000000e+04 8.503506835937500000e+03 5.648605468750000000e+03 4.890988769531250000e+03 4.619195800781250000e+03 4.649643066406250000e+03 4.563130859375000000e+03
1.465032637789915100e+02 1.082745507812500000e+04 8.558303710937500000e+03 5.639145019531250000e+03 5.145344238281250000e+03 4.846450195312500000e+03 4.731662597656250000e+03 4.728923828125000000e+03
1.475030562286717100e+02 1.099679980468750000e+04 8.717368164062500000e+03 5.661461425781250000e+03 4.841619628906250000e+03 4.663302246093750000e+03 4.690835449218750000e+03 4.636185546875000000e+03
1.485028486783519099e+02 1.197091503906250000e+04 1.039269628906250000e+04 6.422451660156250000e+03 5.482651855468750000e+03 5.283163085937500000e+03 5.154581054687500000e+03 5.222270996093750000e+03
1.495026411280320815e+02 1.124923730468750000e+04 8.910784179687500000e+03 5.924174804687500000e+03 5.137955078125000000e+03 5.050997070312500000e+03 5.096079589843750000e+03 5.096959960937500000e+03
1.505024335777122815e+02 1.181833691406250000e+04 9.293247070312500000e+03 5.908895019531250000e+03 5.275097656250000000e+03 5.328403808593750000e+03 5.471042480468750000e+03 5.413867187500000000e+03
1.515022260273924530e+02 1.174573535156250000e+04 9.247320312500000000e+03 5.984792480468750000e+03 5.137766113281250000e+03 4.998713378906250000e+03 5.030988769531250000e+03 5.199708007812500000e+03
1.525020184770726530e+02 1.140436914062500000e+04 9.022673828125000000e+03 5.875776367187500000e+03 5.163121582031250000e+03 5.174392578125000000e+03 5.053208496093750000e+03 5.001803222656250000e+03
1.535018109267528246e+02 1.145505468750000000e+04 9.201420898437500000e+03 6.211797363281250000e+03 5.289798828125000000e+03 5.504305175781250000e+03 5.429912109375000000e+03 5.342490722656250000e+03
1.545016033764329961e+02 1.123532421875000000e+04 9.086260742187500000e+03 6.088746093750000000e+03 5.324841308593750000e+03 5.159861328125000000e+03 5.278327636718750000e+03 5.247966308593750000e+03
1.555013958261131961e+02 1.129252832031250000e+04 8.688792968750000000e+03 5.981861328125000000e+03 5.123784667968750000e+03 5.075181152343750000e+03 4.966193359375000000e+03 5.047143554687500000e+03
1.565011882757933677e+02 1.146724023437500000e+04 8.815370117187500000e+03 5.965800292968750000e+03 5.215236328125000000e+03 5.119083496093750000e+03 5.166202636718750000e+03 4.921805175781250000e+03
1.575009807254735676e+02 1.090717285156250000e+04 8.643083007812500000e+03 5.898688476562500000e+03 5.258479492187500000e+03 5.138046386718750000e+03 4.949364746093750000e+03 5.063073242187500000e+03
1.585007731751537108e+02 1.093251269531250000e+04 8.944277343750000000e+03 6.040023437500000000e+03 5.107069824218750000e+03 5.093423339843750000e+03 4.960747558593750000e+03 4.825390625000000000e+03
1.595005656248338823e+02 1.148458984375000000e+04 9.232667968750000000e+03 5.880144531250000000e+03 5.253474121093750000e+03 5.211017578125000000e+03 5.135229980468750000e+03 5.085572753906250000e+03
1.605003580745140823e+02 1.148829589843750000e+04 9.355342773437500000e+03 5.895151367187500000e+03 5.303558105468750000e+03 5.078190917968750000e+03 5.140744628906250000e+03 5.081346191406250000e+03
1.615001505241942539e+02 1.098003613281250000e+04 8.526409179687500000e+03 5.399280273437500000e+03 4.913314453125000000e+03 4.818851562500000000e+03 4.835039062500000000e+03 4.791011718750000000e+03
1.624999429738744254e+02 1.079929003906250000e+04 8.382918945312500000e+03 5.480059570312500000e+03 4.873426757812500000e+03 4.784508789062500000e+03 4.655035644531250000e+03 4.624513671875000000e+03
1.634997354235546254e+02 1.095152441406250000e+04 8.378025390625000000e+03 5.606565429687500000e+03 4.912839843750000000e+03 4.771037597656250000e+03 4.767499511718750000e+03 4.900547851562500000e+03
1.644995278732347970e+02 1.120110253906250000e+04 8.538585937500000000e+03 5.364502441406250000e+03 4.858534667968750000e+03 4.665547363281250000e+03 4.786542968750000000e+03 4.675092285156250000e+03
1.654993203229149970e+02 1.128914257812500000e+04 9.162864257812500000e+03 5.482202148437500000e+03 4.545840820312500000e+03 4.650332031250000000e+03 4.583323730468750000e+03 4.558361816406250000e+03
1.664991127725951685e+02 1.130676953125000000e+04 8.904546875000000000e+03 5.412732910156250000e+03 4.630941894531250000e+03 4.632617187500000000e+03 4.510979003906250000e+03 4.483104980468750000e+03
1.674989052222753401e+02 1.079303125000000000e+04 8.517946289062500000e+03 5.601319824218750000e+03 4.759101562500000000e+03 4.516290039062500000e+03 4.617932128906250000e+03 4.560215332031250000e+03
1.684986976719555400e+02 9.590117187500000000e+03 7.862839843750000000e+03 5.138090820312500000e+03 4.554654296875000000e+03 4.463910156250000000e+03 4.463057617187500000e+03 4.483507324218750000e+03
1.694984901216357116e+02 9.168099609375000000e+03 7.531443359375000000e+03 5.174984863281250000e+03 4.321206054687500000e+03 4.352055175781250000e+03 4.275010742187500000e+03 4.122631347656250000e+03
1.704982825713159400e+02 9.145975585937500000e+03 7.402305664062500000e+03 4.711074707031250000e+03 4.127958984375000000e+03 4.019112304687500000e+03 4.102316894531250000e+03 3.909872070312500000e+03
1.714980750209961116e+02 9.582675781250000000e+03 7.169272460937500000e+03 4.611396484375000000e+03 4.151043457031250000e+03 3.940574951171875000e+03 4.001983398437500000e+03 3.884800781250000000e+03
1.724978674706763115e+02 9.906763671875000000e+03 7.662008300781250000e+03 4.693774902343750000e+03 4.071794189453125000e+03 4.026572753906250000e+03 4.045689697265625000e+03 4.032450683593750000e+03
1.734976599203564831e+02 1.037352343750000000e+04 8.238265625000000000e+03 5.210103515625000000e+03 4.474705566406250000e+03 4.466309082031250000e+03 4.389002929687500000e+03 4.475435058593750000e+03
1.744974523700366547e+02 1.106460253906250000e+04 8.697955078125000000e+03 5.495129394531250000e+03 4.816049316406250000e+03 4.650740722656250000e+03 4.892477050781250000e+03 4.775363281250000000e+03
1.754972448197168546e+02 1.025591894531250000e+04 8.398874023437500000e+03 5.270935546875000000e+03 4.709071289062500000e+03 4.588188476562500000e+03 4.563891113281250000e+03 4.459071289062500000e+03
1.764970372693970262e+02 1.107144921875000000e+04 8.749351562500000000e+03 5.410187500000000000e+03 4.863318847656250000e+03 4.781010742187500000e+03 4.703335449218750000e+03 4.641372070312500000e+03
1.774968297190772262e+02 1.066436718750000000e+04 8.363605468750000000e+03 5.258726562500000000e+03 4.636785156250000000e+03 4.636033691406250000e+03 4.497165527343750000e+03 4.565550292968750000e+03
1.784966221687573977e+02 5.684244628906250000e+03 4.426308593750000000e+03 2.860502929687500000e+03 2.373604492187500000e+03 2.443221679687500000e+03 2.382050537109375000e+03 2.435371337890625000e+03
1.794964146184375124e+02 -5.483629989624023438e+01 -5.483629989624023438e+01 -5.483629989624023438e+01 -5.483629989624023438e+01 -5.483629989624023438e+01 -5.483629989624023438e+01 -5.483629989624023438e+01
