-1.794290748167481127e+02 -3.631097412109375000e+01 -3.631097412109375000e+01 -3.631097412109375000e+01 -3.631097412109375000e+01 -3.631097412109375000e+01 -3.631097412109375000e+01 -3.631097412109375000e+01
-1.784292823670679411e+02 6.850637695312500000e+03 7.186735839843750000e+03 7.625570800781250000e+03 5.020603515625000000e+03 2.175071044921875000e+03 2.484426269531250000e+03 1.929351928710937500e+03
-1.774294899173877127e+02 1.973887109375000000e+04 2.149856835937500000e+04 2.173936132812500000e+04 1.626137597656250000e+04 9.895417968750000000e+03 1.107877832031250000e+04 1.164686328125000000e+04
-1.764296974677075411e+02 1.858412500000000000e+04 1.898771875000000000e+04 1.864726757812500000e+04 1.406935058593750000e+04 6.777914550781250000e+03 5.828417480468750000e+03 5.693909667968750000e+03
-1.754299050180273980e+02 1.890876562500000000e+04 1.943409179687500000e+04 1.949541601562500000e+04 1.370183398437500000e+04 5.527105957031250000e+03 5.240288085937500000e+03 4.697638183593750000e+03
-1.744301125683471696e+02 1.931329687500000000e+04 1.979625976562500000e+04 1.960162890625000000e+04 1.328742578125000000e+04 9.798493164062500000e+03 5.329624511718750000e+03 4.493512695312500000e+03
-1.734303201186669980e+02 1.914697070312500000e+04 1.982849804687500000e+04 2.011557226562500000e+04 1.152620117187500000e+04 5.294753417968750000e+03 6.010910156250000000e+03 6.203555664062500000e+03
-1.724305276689868549e+02 1.925538281250000000e+04 2.002683007812500000e+04 1.995628710937500000e+04 1.328610546875000000e+04 5.290763183593750000e+03 4.929275878906250000e+03 5.094420898437500000e+03
-1.714307352193066265e+02 1.847263671875000000e+04 1.932459375000000000e+04 1.846148632812500000e+04 1.148719531250000000e+04 5.642075683593750000e+03 5.115655761718750000e+03 5.631985351562500000e+03
-1.704309427696264549e+02 1.764475000000000000e+04 1.834942578125000000e+04 1.760642968750000000e+04 1.085688085937500000e+04 5.316157714843750000e+03 4.851410644531250000e+03 4.773995605468750000e+03
-1.694311503199463118e+02 1.765815039062500000e+04 1.863041210937500000e+04 1.948736914062500000e+04 1.533913183593750000e+04 6.922486328125000000e+03 6.159334472656250000e+03 7.478042968750000000e+03
-1.684313578702660834e+02 1.755188085937500000e+04 1.818320312500000000e+04 1.940293554687500000e+04 1.575776171875000000e+04 5.941226074218750000e+03 5.525425781250000000e+03 4.804987792968750000e+03
-1.674315654205859119e+02 1.853920507812500000e+04 1.917920117187500000e+04 1.875158007812500000e+04 1.155018066406250000e+04 6.638390136718750000e+03 4.811083984375000000e+03 4.711587402343750000e+03
-1.664317729709057119e+02 1.695453906250000000e+04 1.738040039062500000e+04 1.716005468750000000e+04 9.357208984375000000e+03 4.789068847656250000e+03 4.314809082031250000e+03 4.104326660156250000e+03
-1.654319805212255403e+02 1.830897070312500000e+04 1.896819335937500000e+04 1.833034570312500000e+04 1.542927539062500000e+04 8.086730957031250000e+03 6.978128906250000000e+03 7.604193847656250000e+03
-1.644321880715453403e+02 1.750580859375000000e+04 1.804796679687500000e+04 1.719037500000000000e+04 1.410257226562500000e+04 6.094591308593750000e+03 6.344721191406250000e+03 4.777346191406250000e+03
-1.634323956218651688e+02 1.691237304687500000e+04 1.683364453125000000e+04 1.585555078125000000e+04 1.133640234375000000e+04 5.141699218750000000e+03 5.157486816406250000e+03 4.599504882812500000e+03
-1.624326031721849972e+02 1.751742968750000000e+04 1.774910937500000000e+04 1.747223046875000000e+04 1.643687500000000000e+05 9.434848632812500000e+03 1.002739257812500000e+04 1.136037304687500000e+04
-1.614328107225048257e+02 1.644806835937500000e+04 1.677026757812500000e+04 1.672700781250000000e+04 1.175851757812500000e+04 5.473502441406250000e+03 4.993936523437500000e+03 4.734335937500000000e+03
-1.604330182728246541e+02 1.752374804687500000e+04 1.809094921875000000e+04 1.770106445312500000e+04 1.801250976562500000e+04 7.124043457031250000e+03 4.764294433593750000e+03 4.529548828125000000e+03
-1.594332258231444541e+02 1.691010546875000000e+04 1.704242968750000000e+04 1.770740039062500000e+04 1.672243164062500000e+04 5.852561035156250000e+03 7.237000976562500000e+03 6.438645996093750000e+03
-1.584334333734642826e+02 1.790392773437500000e+04 1.827636718750000000e+04 1.798202929687500000e+04 3.868525781250000000e+04 1.038377421875000000e+05 1.427031250000000000e+05 1.609639531250000000e+05
-1.574336409237840826e+02 1.709122851562500000e+04 1.753100390625000000e+04 1.741838085937500000e+04 1.164186816406250000e+04 6.227199707031250000e+03 6.686050781250000000e+03 7.191502441406250000e+03
-1.564338484741039110e+02 1.708128515625000000e+04 1.774477929687500000e+04 1.777013085937500000e+04 1.057758007812500000e+04 4.459848632812500000e+03 4.343247070312500000e+03 4.319134277343750000e+03
-1.554340560244237111e+02 1.735574218750000000e+04 1.770995898437500000e+04 1.684005468750000000e+04 1.013535351562500000e+04 7.109509277343750000e+03 6.295134277343750000e+03 6.014667968750000000e+03
-1.544342635747435395e+02 1.841558007812500000e+04 1.843612500000000000e+04 1.817005664062500000e+04 1.097927929687500000e+04 1.430752246093750000e+04 3.540193359375000000e+04 4.684221484375000000e+04
-1.534344711250633679e+02 1.842188281250000000e+04 1.824752539062500000e+04 1.671091601562500000e+04 1.008787597656250000e+04 7.455834472656250000e+03 8.860665039062500000e+03 8.930006835937500000e+03
-1.524346786753831680e+02 1.727704296875000000e+04 1.647401953125000000e+04 1.531061523437500000e+04 9.114553710937500000e+03 5.064737792968750000e+03 4.767758300781250000e+03 4.883767578125000000e+03
-1.514348862257029680e+02 1.829687890625000000e+04 1.833751171875000000e+04 1.846746289062500000e+04 1.521616992187500000e+04 4.793949218750000000e+03 5.409312988281250000e+03 4.874969238281250000e+03
-1.504350937760227964e+02 1.929060742187500000e+04 1.953602148437500000e+04 1.814707421875000000e+04 1.318378613281250000e+04 7.022580566406250000e+03 8.115540039062500000e+03 9.969828125000000000e+03
-1.494353013263425964e+02 1.913063085937500000e+04 1.954166210937500000e+04 1.799790039062500000e+04 1.042695703125000000e+04 2.880211523437500000e+04 1.667988437500000000e+05 9.427192187500000000e+04
-1.484355088766624533e+02 1.915197070312500000e+04 1.932534375000000000e+04 1.840801367187500000e+04 1.104521289062500000e+04 4.911133789062500000e+03 4.937597656250000000e+03 4.674400390625000000e+03
-1.474357164269822533e+02 1.984935156250000000e+04 1.934965820312500000e+04 1.824845117187500000e+04 2.316184765625000000e+04 1.110567480468750000e+04 6.086906250000000000e+03 5.613010742187500000e+03
-1.464359239773020818e+02 1.987436718750000000e+04 1.995120312500000000e+04 1.835041210937500000e+04 1.363892285156250000e+04 8.268792968750000000e+03 6.773061523437500000e+03 6.171562988281250000e+03
-1.454361315276218818e+02 1.864472460937500000e+04 1.837571093750000000e+04 1.788587500000000000e+04 1.203074707031250000e+04 5.517267578125000000e+03 4.724151855468750000e+03 4.762418457031250000e+03
-1.444363390779417102e+02 1.692845703125000000e+04 1.728295703125000000e+04 1.668904296875000000e+04 1.017022070312500000e+04 5.972604980468750000e+03 1.033156835937500000e+04 1.197226757812500000e+04
-1.434365466282615103e+02 2.076715429687500000e+04 2.021363085937500000e+04 1.910772460937500000e+04 1.341830859375000000e+04 8.283363281250000000e+03 2.208939257812500000e+04 9.987832031250000000e+04
-1.424367541785813387e+02 2.116232617187500000e+04 2.126785937500000000e+04 1.959133203125000000e+04 1.278524414062500000e+04 6.533410156250000000e+03 6.100366210937500000e+03 7.839537109375000000e+03
-1.414369617289011671e+02 2.197816015625000000e+04 2.114732421875000000e+04 1.997391601562500000e+04 1.166342773437500000e+04 5.631455078125000000e+03 5.135851074218750000e+03 5.538997070312500000e+03
-1.404371692792209672e+02 2.097395507812500000e+04 2.022528906250000000e+04 1.874401367187500000e+04 1.145758496093750000e+04 7.017968261718750000e+03 5.486150390625000000e+03 6.222541503906250000e+03
-1.394373768295407956e+02 2.109002929687500000e+04 2.065845117187500000e+04 1.911984179687500000e+04 1.048620019531250000e+04 5.788380371093750000e+03 5.273053710937500000e+03 4.696458496093750000e+03
-1.384375843798606240e+02 2.199230273437500000e+04 2.126819531250000000e+04 1.943712304687500000e+04 1.198412597656250000e+04 5.333010742187500000e+03 4.922308593750000000e+03 4.761656738281250000e+03
-1.374377919301804241e+02 2.178563476562500000e+04 2.026583398437500000e+04 1.756056250000000000e+04 1.448738769531250000e+04 6.898962402343750000e+03 7.804318847656250000e+03 6.521522949218750000e+03
-1.364379994805002525e+02 2.184104296875000000e+04 2.010364062500000000e+04 1.725872070312500000e+04 1.206187500000000000e+04 2.965428906250000000e+04 8.468549804687500000e+03 5.608070312500000000e+03
-1.354382070308200809e+02 2.208644335937500000e+04 2.071864257812500000e+04 1.851477929687500000e+04 1.323171484375000000e+04 6.404259277343750000e+03 8.368159179687500000e+03 4.913455078125000000e+03
-1.344384145811398810e+02 2.232689257812500000e+04 2.130268750000000000e+04 1.977252734375000000e+04 1.166861425781250000e+04 5.961766601562500000e+03 5.186140136718750000e+03 4.931589355468750000e+03
-1.334386221314597094e+02 2.247911523437500000e+04 2.094421875000000000e+04 1.960147265625000000e+04 1.161522070312500000e+04 7.311127441406250000e+03 7.900269042968750000e+03 7.865505859375000000e+03
-1.324388296817795094e+02 2.294758984375000000e+04 2.089094335937500000e+04 1.815319335937500000e+04 1.661027539062500000e+04 1.238588574218750000e+04 1.248368750000000000e+04 1.067304199218750000e+04
-1.314390372320993094e+02 2.261472070312500000e+04 2.126222460937500000e+04 1.944750390625000000e+04 6.954993750000000000e+04 5.801284179687500000e+03 6.568977539062500000e+03 6.155836425781250000e+03
-1.304392447824191379e+02 2.200410351562500000e+04 2.075315039062500000e+04 1.920935937500000000e+04 1.315643554687500000e+04 5.746632324218750000e+03 6.690211425781250000e+03 6.063889160156250000e+03
-1.294394523327389379e+02 2.248786328125000000e+04 2.069790625000000000e+04 1.821706250000000000e+04 1.469584570312500000e+04 1.559394433593750000e+04 3.834707812500000000e+05 3.556173125000000000e+05
-1.284396598830587664e+02 1.367060449218750000e+04 1.447297656250000000e+04 1.373266894531250000e+04 7.546539550781250000e+03 7.224679687500000000e+03 1.318952031250000000e+05 1.209349375000000000e+05
-1.274398674333785948e+02 -3.617638778686523438e+01 -3.617638778686523438e+01 -3.617638778686523438e+01 -3.617638778686523438e+01 -3.617638778686523438e+01 -3.617638778686523438e+01 -3.617638778686523438e+01
-1.264400749836984090e+02 -3.617369461059570312e+01 -3.617369461059570312e+01 -3.617369461059570312e+01 -3.617369461059570312e+01 -3.617369461059570312e+01 -3.617369461059570312e+01 -3.617369461059570312e+01
-1.254402825340182375e+02 -3.617105484008789062e+01 -3.617105484008789062e+01 -3.617105484008789062e+01 -3.617105484008789062e+01 -3.617105484008789062e+01 -3.617105484008789062e+01 -3.617105484008789062e+01
-1.244404900843380517e+02 -3.616846084594726562e+01 -3.616846084594726562e+01 -3.616846084594726562e+01 -3.616846084594726562e+01 -3.616846084594726562e+01 -3.616846084594726562e+01 -3.616846084594726562e+01
-1.234406976346578801e+02 2.437622833251953125e+01 3.065889739990234375e+01 3.494254302978515625e+01 2.351949310302734375e+01 2.380507469177246094e+01 2.666083526611328125e+01 2.494737625122070312e+01
-1.224409051849776944e+02 4.178758789062500000e+03 2.947635498046875000e+03 2.869953125000000000e+03 2.894631103515625000e+03 2.773820556640625000e+03 3.046812500000000000e+03 3.076556884765625000e+03
-1.214411127352975086e+02 2.595254492187500000e+04 2.254868164062500000e+04 1.942779687500000000e+04 1.645610546875000000e+04 1.016071386718750000e+04 9.951648437500000000e+03 9.545758789062500000e+03
-1.204413202856173086e+02 2.671502148437500000e+04 2.484097851562500000e+04 2.274467578125000000e+04 9.064592968750000000e+04 9.058442382812500000e+03 6.934732421875000000e+03 7.034360839843750000e+03
-1.194415278359371229e+02 2.833869921875000000e+04 2.670235351562500000e+04 2.338439843750000000e+04 3.531422656250000000e+04 7.161326171875000000e+03 7.946519531250000000e+03 6.893971679687500000e+03
-1.184417353862569371e+02 2.834123828125000000e+04 2.617605273437500000e+04 2.428080273437500000e+04 2.468527929687500000e+04 7.742593261718750000e+03 1.174224804687500000e+04 7.126884765625000000e+03
-1.174419429365767940e+02 2.878423242187500000e+04 2.706485937500000000e+04 2.429436718750000000e+04 1.555477734375000000e+04 9.711164062500000000e+03 1.254103808593750000e+04 2.902482617187500000e+04
-1.164421504868966082e+02 2.792609179687500000e+04 2.621763867187500000e+04 2.407511523437500000e+04 1.581747851562500000e+04 7.220597656250000000e+03 6.464965332031250000e+03 6.298371582031250000e+03
-1.154423580372164082e+02 2.772743164062500000e+04 2.643934570312500000e+04 2.420054296875000000e+04 1.258247109375000000e+05 9.500773437500000000e+03 6.544737304687500000e+03 6.812212890625000000e+03
-1.144425655875362082e+02 2.764449414062500000e+04 2.599926562500000000e+04 2.303980664062500000e+04 1.416409277343750000e+04 1.649566015625000000e+04 1.805770117187500000e+04 6.910321289062500000e+03
-1.134427731378560367e+02 2.646803906250000000e+04 2.500149609375000000e+04 2.210327929687500000e+04 1.646509570312500000e+04 1.185972363281250000e+04 7.631420898437500000e+03 6.024607910156250000e+03
-1.124429806881758509e+02 2.685829882812500000e+04 2.394069335937500000e+04 2.052231640625000000e+04 1.409028808593750000e+04 6.369284765625000000e+04 1.485271875000000000e+04 6.551096679687500000e+03
-1.114431882384956793e+02 2.513583789062500000e+04 2.227042382812500000e+04 1.791461523437500000e+04 1.376481152343750000e+04 1.348121972656250000e+04 7.129148437500000000e+03 7.619015136718750000e+03
-1.104433957888154936e+02 2.106118750000000000e+04 1.922833593750000000e+04 1.579732421875000000e+04 1.023374707031250000e+04 9.521036132812500000e+03 3.423608593750000000e+04 3.436838671875000000e+04
-1.094436033391353078e+02 2.454205468750000000e+04 2.243551367187500000e+04 1.819562695312500000e+04 1.205753906250000000e+04 1.106178808593750000e+04 3.609009375000000000e+04 2.426516601562500000e+04
-1.084438108894551220e+02 2.323233593750000000e+04 2.093239257812500000e+04 1.678591796875000000e+04 1.125160742187500000e+04 6.207607421875000000e+03 6.531535644531250000e+03 6.472081054687500000e+03
-1.074440184397749363e+02 2.296036718750000000e+04 2.211225195312500000e+04 1.865546093750000000e+04 1.160668261718750000e+04 8.687408203125000000e+03 7.010091796875000000e+03 6.282789550781250000e+03
-1.064442259900947647e+02 2.286282226562500000e+04 2.046181835937500000e+04 1.643853320312500000e+04 1.755743750000000000e+04 6.406320800781250000e+03 6.209825195312500000e+03 5.964886230468750000e+03
-1.054444335404145789e+02 2.212335546875000000e+04 1.961666015625000000e+04 1.545527929687500000e+04 1.339888281250000000e+04 7.115272949218750000e+03 6.617173339843750000e+03 6.328167968750000000e+03
-1.044446410907343932e+02 2.142980664062500000e+04 1.889679296875000000e+04 1.565151953125000000e+04 1.096781640625000000e+04 1.156468164062500000e+04 1.787192382812500000e+04 2.197935156250000000e+04
-1.034448486410542074e+02 2.017411718750000000e+04 1.754508984375000000e+04 1.511228613281250000e+04 9.733467773437500000e+03 6.343138671875000000e+03 5.525754882812500000e+03 5.814126464843750000e+03
-1.024450561913740216e+02 2.081254296875000000e+04 1.801272851562500000e+04 1.495155468750000000e+04 1.005955859375000000e+04 6.454320800781250000e+03 6.285334472656250000e+03 6.272371582031250000e+03
-1.014452637416938217e+02 2.068223632812500000e+04 1.807126562500000000e+04 1.462437597656250000e+04 1.193189550781250000e+04 7.093084960937500000e+03 1.102926660156250000e+04 2.807870312500000000e+04
-1.004454712920136643e+02 1.903321093750000000e+04 1.646305468750000000e+04 1.367260937500000000e+04 1.109988183593750000e+04 6.276401367187500000e+03 7.017915039062500000e+03 1.151409082031250000e+04
-9.944567884233346433e+01 1.981164257812500000e+04 1.739085546875000000e+04 1.469372753906250000e+04 1.012637695312500000e+04 6.424009277343750000e+03 6.459266601562500000e+03 6.343016601562500000e+03
-9.844588639265330698e+01 2.025546679687500000e+04 1.822114648437500000e+04 1.422561621093750000e+04 1.131329785156250000e+04 8.033995605468750000e+03 9.119027343750000000e+03 7.780083984375000000e+03
-9.744609394297310700e+01 1.863368164062500000e+04 1.612200878906250000e+04 1.270966699218750000e+04 1.046844531250000000e+04 1.882620312500000000e+04 1.232841562500000000e+05 1.575370996093750000e+04
-9.644630149329292124e+01 1.647625195312500000e+04 1.386010937500000000e+04 1.130993847656250000e+04 9.264906250000000000e+03 6.038977050781250000e+03 6.684868652343750000e+03 5.000508300781250000e+03
-9.544650904361273547e+01 1.733484570312500000e+04 1.536393164062500000e+04 1.196506738281250000e+04 8.975879882812500000e+03 7.157808105468750000e+03 5.561856933593750000e+03 5.055964355468750000e+03
-9.444671659393256391e+01 1.940643164062500000e+04 1.765307812500000000e+04 1.328450976562500000e+04 9.906479492187500000e+03 5.495577148437500000e+03 7.226853027343750000e+03 6.076235351562500000e+03
-9.344692414425237814e+01 1.936552343750000000e+04 1.763034570312500000e+04 1.415282812500000000e+04 1.170518945312500000e+04 6.716601074218750000e+03 6.891448730468750000e+03 6.335208984375000000e+03
-9.244713169457219237e+01 1.856583984375000000e+04 1.681787500000000000e+04 1.348877246093750000e+04 9.475738281250000000e+03 6.689624023437500000e+03 6.184015136718750000e+03 6.645533691406250000e+03
-9.144733924489200660e+01 1.864753515625000000e+04 1.628846289062500000e+04 1.202590429687500000e+04 1.819717382812500000e+04 1.822059179687500000e+04 1.741559179687500000e+04 1.420151660156250000e+04
-9.044754679521182084e+01 1.888490039062500000e+04 1.629520117187500000e+04 1.142084570312500000e+04 1.063953027343750000e+04 6.442004882812500000e+03 5.936757812500000000e+03 6.292441406250000000e+03
-8.944775434553163507e+01 2.008800976562500000e+04 1.756783398437500000e+04 1.205877050781250000e+04 1.004386914062500000e+04 6.052774414062500000e+03 6.027856933593750000e+03 7.370071289062500000e+03
-8.844796189585146351e+01 2.097864843750000000e+04 1.833906054687500000e+04 1.379938476562500000e+04 1.340127832031250000e+04 6.186541992187500000e+03 5.875141113281250000e+03 6.515558593750000000e+03
-8.744816944617127774e+01 2.020908398437500000e+04 1.784761132812500000e+04 1.539129199218750000e+04 1.116345703125000000e+04 6.986148437500000000e+03 6.384629394531250000e+03 6.248773437500000000e+03
-8.644837699649109197e+01 2.049515625000000000e+04 1.804067382812500000e+04 1.513911132812500000e+04 2.959205078125000000e+04 6.455103515625000000e+03 7.348748535156250000e+03 1.638386718750000000e+04
-8.544858454681092041e+01 2.049780468750000000e+04 1.777164257812500000e+04 1.347311425781250000e+04 9.541708984375000000e+03 6.694033691406250000e+03 7.546816894531250000e+03 1.815024414062500000e+04
-8.444879209713073465e+01 2.160048046875000000e+04 1.873321484375000000e+04 1.545892675781250000e+04 1.394671484375000000e+04 6.393987304687500000e+03 7.370028320312500000e+03 6.361647460937500000e+03
-8.344899964745054888e+01 1.991424609375000000e+04 1.790331640625000000e+04 1.418793066406250000e+04 2.435016210937500000e+04 7.460590820312500000e+03 1.648391250000000000e+05 2.055898828125000000e+04
-8.244920719777037732e+01 2.088311523437500000e+04 1.806937500000000000e+04 1.492080175781250000e+04 1.109841601562500000e+04 6.374253906250000000e+03 6.658619140625000000e+03 5.560755859375000000e+03
-8.144941474809019155e+01 2.406211718750000000e+04 2.133286718750000000e+04 1.694841601562500000e+04 1.414913769531250000e+04 7.772451171875000000e+03 7.472139648437500000e+03 6.648845214843750000e+03
-8.044962229841000578e+01 2.351301171875000000e+04 2.155617187500000000e+04 1.766118750000000000e+04 1.339219726562500000e+04 7.056871093750000000e+03 6.656053222656250000e+03 6.124628417968750000e+03
-7.944982984872982001e+01 2.591258203125000000e+04 2.195045312500000000e+04 1.847219726562500000e+04 5.061371875000000000e+04 7.226779296875000000e+03 9.482482421875000000e+03 8.083537109375000000e+03
-7.845003739904962003e+01 2.510454296875000000e+04 2.228329101562500000e+04 1.739196484375000000e+04 1.195156640625000000e+04 6.806259277343750000e+03 7.715188964843750000e+03 7.251965820312500000e+03
-7.745024494936946269e+01 2.528835937500000000e+04 2.205970312500000000e+04 1.771801171875000000e+04 1.303806250000000000e+04 7.394602539062500000e+03 7.046738769531250000e+03 7.232814941406250000e+03
-7.645045249968926271e+01 2.482509960937500000e+04 2.162672656250000000e+04 1.679267773437500000e+04 1.225338769531250000e+04 1.211914453125000000e+04 7.597693359375000000e+03 9.102431640625000000e+03
-7.545066005000907694e+01 2.520600781250000000e+04 2.236972070312500000e+04 1.819746679687500000e+04 2.263103515625000000e+04 8.278584375000000000e+04 1.012574902343750000e+04 1.312245507812500000e+04
-7.445086760032890538e+01 2.653288085937500000e+04 2.281107812500000000e+04 1.778300781250000000e+04 1.995103710937500000e+04 6.985289062500000000e+04 1.009927539062500000e+04 8.433308593750000000e+03
-7.345107515064871961e+01 2.557305273437500000e+04 2.270634570312500000e+04 1.817463476562500000e+04 1.308268554687500000e+04 7.096559082031250000e+03 7.973534667968750000e+03 8.538668945312500000e+03
-7.245128270096853385e+01 2.670398242187500000e+04 2.268533007812500000e+04 1.870677539062500000e+04 1.280962890625000000e+04 8.247742187500000000e+03 8.206693359375000000e+03 7.530024414062500000e+03
-7.145149025128836229e+01 2.791176757812500000e+04 2.375526171875000000e+04 1.857155859375000000e+04 1.641956054687500000e+04 1.708260351562500000e+04 1.517376269531250000e+04 1.059115332031250000e+04
-7.045169780160817652e+01 2.577730468750000000e+04 2.193772265625000000e+04 1.886205078125000000e+04 1.359588769531250000e+04 9.182625000000000000e+03 8.466481445312500000e+03 8.423743164062500000e+03
-6.945190535192799075e+01 2.345762500000000000e+04 1.975290625000000000e+04 1.596858789062500000e+04 2.062929687500000000e+04 4.499591796875000000e+04 9.244338867187500000e+03 9.226142578125000000e+03
-6.845211290224780498e+01 2.389773437500000000e+04 2.073353125000000000e+04 1.693920117187500000e+04 1.439200195312500000e+04 5.509453515625000000e+04 7.542404785156250000e+03 7.574560546875000000e+03
-6.745232045256761921e+01 2.725969140625000000e+04 2.245396484375000000e+04 1.816144921875000000e+04 1.137131542968750000e+04 7.426559570312500000e+03 6.817725097656250000e+03 7.058206542968750000e+03
-6.645252800288743344e+01 2.816921289062500000e+04 2.346439257812500000e+04 1.903874218750000000e+04 1.254259765625000000e+04 7.127869628906250000e+03 6.579491210937500000e+03 6.371440917968750000e+03
-6.545273555320726189e+01 2.685281250000000000e+04 2.266821484375000000e+04 1.791414257812500000e+04 1.229852832031250000e+04 7.276740234375000000e+03 7.292066894531250000e+03 6.427770996093750000e+03
-6.445294310352707612e+01 2.604222265625000000e+04 2.196220312500000000e+04 1.833772656250000000e+04 1.554406738281250000e+04 1.117555371093750000e+04 1.254872851562500000e+04 8.021929199218750000e+03
-6.345315065384689035e+01 2.725993750000000000e+04 2.373936132812500000e+04 1.983364453125000000e+04 1.534897265625000000e+04 7.867509765625000000e+03 8.062685546875000000e+03 7.021466796875000000e+03
-6.245335820416669748e+01 2.689444921875000000e+04 2.262080859375000000e+04 1.862183203125000000e+04 1.308860253906250000e+04 8.018025390625000000e+03 8.669319335937500000e+03 1.034084082031250000e+04
-6.145356575448651881e+01 2.672351171875000000e+04 2.174030468750000000e+04 1.855711523437500000e+04 1.258691894531250000e+04 9.105428710937500000e+03 1.252035937500000000e+04 1.179830371093750000e+04
-6.045377330480633304e+01 2.608586132812500000e+04 2.218404101562500000e+04 1.919396289062500000e+04 1.260364160156250000e+04 8.687570312500000000e+03 1.046011718750000000e+04 1.207175000000000000e+04
-5.945398085512614728e+01 2.546446679687500000e+04 2.097738867187500000e+04 1.775412890625000000e+04 1.216114257812500000e+04 7.524524414062500000e+03 9.985008789062500000e+03 9.064310546875000000e+03
-5.845418840544596861e+01 2.015892578125000000e+04 1.472445703125000000e+04 1.211201464843750000e+04 8.740314453125000000e+03 5.824791992187500000e+03 1.149338476562500000e+04 8.392889648437500000e+03
-5.745439595576578284e+01 2.515929199218750000e+03 2.407545410156250000e+03 2.558572021484375000e+03 2.432019531250000000e+03 2.209793945312500000e+03 4.855895019531250000e+03 3.537878173828125000e+03
-5.645460350608561839e+01 1.164552688598632812e+00 1.166587162017822266e+01 1.419150829315185547e+01 5.285326004028320312e+00 2.493833541870117188e+00 2.416111755371093750e+01 1.565371513366699219e+01
-5.545481105640543262e+01 -3.619138336181640625e+01 -3.619138336181640625e+01 -3.619138336181640625e+01 -3.619138336181640625e+01 -3.619138336181640625e+01 -3.619138336181640625e+01 -3.619138336181640625e+01
-5.445501860672524685e+01 -3.619454574584960938e+01 -3.619454574584960938e+01 -3.619454574584960938e+01 -3.619454574584960938e+01 -3.619454574584960938e+01 -3.619454574584960938e+01 -3.619454574584960938e+01
-5.345522615704506819e+01 -3.619776916503906250e+01 -3.619776916503906250e+01 -3.619776916503906250e+01 -3.619776916503906250e+01 -3.619776916503906250e+01 -3.619776916503906250e+01 -3.619776916503906250e+01
-5.245543370736488242e+01 2.014793014526367188e+01 5.914110946655273438e+01 9.106199645996093750e+01 3.524822616577148438e+01 -7.682485103607177734e+00 -2.522941017150878906e+01 -2.645272445678710938e+01
-5.145564125768469665e+01 1.276112011718750000e+04 1.175309765625000000e+04 1.018624804687500000e+04 4.573514160156250000e+03 2.058536865234375000e+03 2.320311279296875000e+03 2.411940185546875000e+03
-5.045584880800450378e+01 1.880265625000000000e+04 1.649558203125000000e+04 1.369462695312500000e+04 9.812666992187500000e+03 5.048932128906250000e+03 5.098997558593750000e+03 5.059179687500000000e+03
-4.945605635832432512e+01 1.940446875000000000e+04 1.653648242187500000e+04 1.502258593750000000e+04 1.041808105468750000e+04 5.817819335937500000e+03 5.331442871093750000e+03 4.943963867187500000e+03
-4.845626390864413935e+01 1.803330859375000000e+04 1.546483593750000000e+04 1.322464746093750000e+04 8.486775390625000000e+03 5.230717285156250000e+03 4.964006835937500000e+03 4.806667968750000000e+03
-4.745647145896395358e+01 1.743021679687500000e+04 1.446552734375000000e+04 1.260861328125000000e+04 7.437080566406250000e+03 4.864786132812500000e+03 4.660354980468750000e+03 4.718171875000000000e+03
-4.645667900928376781e+01 1.723840820312500000e+04 1.524190136718750000e+04 1.287830957031250000e+04 9.150061523437500000e+03 5.473966308593750000e+03 4.968480468750000000e+03 5.157173828125000000e+03
-4.545688655960360336e+01 1.711912500000000000e+04 1.544192968750000000e+04 1.361700683593750000e+04 9.152073242187500000e+03 5.380601074218750000e+03 4.962326660156250000e+03 5.167132324218750000e+03
-4.445709410992342470e+01 1.576985449218750000e+04 1.403527636718750000e+04 1.208744042968750000e+04 1.184011035156250000e+04 5.174869140625000000e+03 4.939059570312500000e+03 5.452770507812500000e+03
-4.345730166024323893e+01 1.595601757812500000e+04 1.397233496093750000e+04 1.259014746093750000e+04 7.425225585937500000e+03 5.723499511718750000e+03 5.090185058593750000e+03 4.997073730468750000e+03
-4.245750921056305316e+01 1.652428515625000000e+04 1.400064648437500000e+04 1.215326367187500000e+04 6.759709960937500000e+03 4.849756347656250000e+03 5.271937988281250000e+03 6.126228515625000000e+03
-4.145771676088286739e+01 1.632697167968750000e+04 1.415102050781250000e+04 1.293300488281250000e+04 7.338925292968750000e+03 4.788663574218750000e+03 5.716340820312500000e+03 7.648501953125000000e+03
-4.045792431120268162e+01 1.485795605468750000e+04 1.341524023437500000e+04 1.119189257812500000e+04 6.904257324218750000e+03 5.093847656250000000e+03 5.076842285156250000e+03 5.942960449218750000e+03
-3.945813186152249585e+01 1.510318750000000000e+04 1.322229199218750000e+04 1.141459570312500000e+04 7.769117187500000000e+03 5.101432617187500000e+03 5.444977539062500000e+03 5.393662109375000000e+03
-3.845833941184231008e+01 1.490068554687500000e+04 1.310594238281250000e+04 1.173118945312500000e+04 9.388445312500000000e+03 6.235601074218750000e+03 9.661916015625000000e+03 8.369576171875000000e+03
-3.745854696216213142e+01 1.463919433593750000e+04 1.289595507812500000e+04 1.162907226562500000e+04 1.299910742187500000e+04 6.527773437500000000e+04 2.602398906250000000e+05 1.799964531250000000e+05
-3.645875451248193855e+01 1.454172558593750000e+04 1.340259179687500000e+04 1.168470996093750000e+04 7.795019531250000000e+03 5.538575195312500000e+03 7.179824218750000000e+03 6.445376464843750000e+03
-3.545896206280175988e+01 1.499834863281250000e+04 1.352101171875000000e+04 1.204516308593750000e+04 8.664992187500000000e+03 5.857071289062500000e+03 6.116137207031250000e+03 5.667026367187500000e+03
-3.445916961312157412e+01 1.151478222656250000e+04 1.119766601562500000e+04 9.284002929687500000e+03 7.047420410156250000e+03 3.160988525390625000e+03 3.290781738281250000e+03 2.707894042968750000e+03
-3.345937716344140966e+01 7.225281372070312500e+02 1.136668945312500000e+03 1.240030761718750000e+03 6.769291992187500000e+02 2.197466888427734375e+02 1.533308105468750000e+02 1.423314361572265625e+02
-3.245958471376123100e+01 4.079858398437500000e+02 4.541599731445312500e+02 4.716379699707031250e+02 4.591310424804687500e+02 6.066343994140625000e+02 6.076732177734375000e+02 5.618406372070312500e+02
-3.145979226408104168e+01 6.836051269531250000e+03 5.144968750000000000e+03 4.396866210937500000e+03 3.345478759765625000e+03 4.059814208984375000e+03 4.412379394531250000e+03 4.224073242187500000e+03
-3.045999981440085946e+01 1.566917382812500000e+04 1.563110937500000000e+04 1.508681640625000000e+04 8.783528320312500000e+03 6.119423339843750000e+03 6.028392578125000000e+03 5.573183105468750000e+03
-2.946020736472067014e+01 1.559029882812500000e+04 1.486163378906250000e+04 1.373299511718750000e+04 8.047464843750000000e+03 5.912865234375000000e+03 5.515717773437500000e+03 4.960420410156250000e+03
-2.846041491504048793e+01 1.573526464843750000e+04 1.498263574218750000e+04 1.365639062500000000e+04 9.477880859375000000e+03 7.522168457031250000e+03 5.513278808593750000e+03 5.575209960937500000e+03
-2.746062246536029861e+01 1.589032519531250000e+04 1.518700683593750000e+04 1.334962304687500000e+04 9.503247070312500000e+03 6.361914550781250000e+03 5.558080566406250000e+03 5.407031738281250000e+03
-2.646083001568011639e+01 1.635698242187500000e+04 1.650416796875000000e+04 1.516328222656250000e+04 9.921002929687500000e+03 6.632132324218750000e+03 8.062311035156250000e+03 8.227080078125000000e+03
-2.546103756599993062e+01 1.603178808593750000e+04 1.571909765625000000e+04 1.420078125000000000e+04 1.149703027343750000e+04 3.281199609375000000e+04 1.132407734375000000e+05 2.530726093750000000e+05
-2.446124511631974840e+01 1.422295312500000000e+04 1.396916406250000000e+04 1.241480566406250000e+04 8.697805664062500000e+03 5.372486816406250000e+03 5.305486328125000000e+03 5.265441406250000000e+03
-2.346145266663955908e+01 1.484718945312500000e+04 1.410214355468750000e+04 1.299221191406250000e+04 8.407558593750000000e+03 4.717330078125000000e+03 4.317380371093750000e+03 4.488473632812500000e+03
-2.246166021695937687e+01 1.512825878906250000e+04 1.488252050781250000e+04 1.358817187500000000e+04 9.905289062500000000e+03 5.303452636718750000e+03 4.489470703125000000e+03 4.679053222656250000e+03
-2.146186776727921597e+01 1.595853027343750000e+04 1.535268652343750000e+04 1.362334960937500000e+04 9.509190429687500000e+03 5.804000976562500000e+03 5.483636230468750000e+03 5.115286132812500000e+03
-2.046207531759903020e+01 1.599907519531250000e+04 1.535742382812500000e+04 1.390390527343750000e+04 8.884387695312500000e+03 5.105515136718750000e+03 6.506825195312500000e+03 4.845600097656250000e+03
-1.946228286791884798e+01 1.596244238281250000e+04 1.611323828125000000e+04 1.540767675781250000e+04 1.461260937500000000e+04 6.295030273437500000e+03 5.540439453125000000e+03 4.623995605468750000e+03
-1.846249041823866222e+01 1.648292968750000000e+04 1.538711816406250000e+04 1.320557910156250000e+04 1.088117578125000000e+04 5.234074218750000000e+03 4.745946777343750000e+03 4.726613769531250000e+03
-1.746269796855847645e+01 1.582195605468750000e+04 1.525346191406250000e+04 1.334496679687500000e+04 1.300470898437500000e+04 6.496141113281250000e+03 4.961688964843750000e+03 4.724649414062500000e+03
-1.646290551887829068e+01 1.570041113281250000e+04 1.535433984375000000e+04 1.407868457031250000e+04 1.842576757812500000e+04 8.012735351562500000e+03 6.872857421875000000e+03 6.089223144531250000e+03
-1.546311306919810669e+01 1.741432812500000000e+04 1.736783398437500000e+04 1.649162695312500000e+04 6.771606250000000000e+04 1.891565234375000000e+04 2.100716601562500000e+04 2.588984375000000000e+04
-1.446332061951792092e+01 1.825962304687500000e+04 1.793604492187500000e+04 1.744525000000000000e+04 1.131593359375000000e+04 7.216351074218750000e+03 5.587558105468750000e+03 5.596254882812500000e+03
-1.346352816983773515e+01 1.797841015625000000e+04 1.801640039062500000e+04 1.661746875000000000e+04 1.033834277343750000e+04 6.400283203125000000e+03 5.209754882812500000e+03 4.805305175781250000e+03
-1.246373572015755116e+01 1.791071484375000000e+04 1.769139648437500000e+04 1.659447656250000000e+04 1.172552539062500000e+04 6.169933105468750000e+03 5.639239257812500000e+03 5.180249023437500000e+03
-1.146394327047736539e+01 1.876819531250000000e+04 1.806227343750000000e+04 1.677768750000000000e+04 1.126177539062500000e+04 5.564584960937500000e+03 5.466462402343750000e+03 5.307274414062500000e+03
-1.046415082079720449e+01 1.995301171875000000e+04 1.933075585937500000e+04 1.829033593750000000e+04 1.104508515625000000e+05 3.907566406250000000e+04 2.578706054687500000e+04 1.757000585937500000e+04
-9.464358371117020496e+00 1.868388476562500000e+04 1.821955078125000000e+04 1.631331347656250000e+04 1.266025195312500000e+04 7.759616699218750000e+03 6.304550292968750000e+03 5.686311035156250000e+03
-8.464565921436834728e+00 1.963706445312500000e+04 1.887717187500000000e+04 1.780639453125000000e+04 1.203233203125000000e+04 7.578837890625000000e+03 6.074196289062500000e+03 5.800582031250000000e+03
-7.464773471756649847e+00 2.138585351562500000e+04 2.161681445312500000e+04 1.991529296875000000e+04 1.485685644531250000e+04 6.200540039062500000e+03 5.656658691406250000e+03 5.325682128906250000e+03
-6.464981022076464967e+00 2.156016601562500000e+04 2.153668750000000000e+04 1.968029296875000000e+04 1.670458789062500000e+04 7.660033203125000000e+03 6.408938476562500000e+03 6.237487792968750000e+03
-5.465188572396279199e+00 2.089129492187500000e+04 2.333493554687500000e+04 2.262054687500000000e+04 1.331818457031250000e+04 6.189209960937500000e+03 5.346295410156250000e+03 5.271918945312500000e+03
-4.465396122716095206e+00 2.150261718750000000e+04 2.101455664062500000e+04 1.887303906250000000e+04 1.378235546875000000e+04 1.029783984375000000e+04 7.371193847656250000e+03 6.999830078125000000e+03
-3.465603673035909882e+00 2.066203320312500000e+04 2.187938867187500000e+04 2.012787695312500000e+04 1.351088281250000000e+04 5.690114746093750000e+03 6.149638183593750000e+03 6.774029296875000000e+03
-2.465811223355724557e+00 2.002449804687500000e+04 2.004261328125000000e+04 1.940217773437500000e+04 1.122293554687500000e+04 5.740285644531250000e+03 5.188709472656250000e+03 6.108159179687500000e+03
-1.466018773675539677e+00 4.446988281250000000e+03 4.343298339843750000e+03 4.583902832031250000e+03 2.781584716796875000e+03 1.407291625976562500e+03 1.001118041992187500e+03 1.049343872070312500e+03
-4.662263239953545191e-01 -3.635123062133789062e+01 -3.635123062133789062e+01 -3.635123062133789062e+01 -3.635123062133789062e+01 -3.635123062133789062e+01 -3.635123062133789062e+01 -3.635123062133789062e+01
5.335661256848306389e-01 -3.635260391235351562e+01 -3.635260391235351562e+01 -3.635260391235351562e+01 -3.635260391235351562e+01 -3.635260391235351562e+01 -3.635260391235351562e+01 -3.635260391235351562e+01
1.533358575364990317e+00 1.208947998046875000e+03 1.220235595703125000e+03 1.205625488281250000e+03 1.131243164062500000e+03 3.239153747558593750e+02 2.542392425537109375e+02 2.332808227539062500e+02
2.533151025045175420e+00 2.609834570312500000e+04 2.996753515625000000e+04 3.295813671875000000e+04 2.139950000000000000e+04 9.505183593750000000e+03 8.105046875000000000e+03 1.053200292968750000e+04
3.532943474725360300e+00 2.328690429687500000e+04 2.592621679687500000e+04 2.887758398437500000e+04 2.054973242187500000e+04 9.673471679687500000e+03 8.700916015625000000e+03 7.902889160156250000e+03
4.532735924405545624e+00 2.439493945312500000e+04 2.781257617187500000e+04 2.836211718750000000e+04 2.281616210937500000e+04 8.224928710937500000e+03 7.751260253906250000e+03 1.111255078125000000e+04
5.532528374085730505e+00 2.423464062500000000e+04 2.694525976562500000e+04 2.915605273437500000e+04 2.191656250000000000e+04 1.141294531250000000e+04 9.829586914062500000e+03 1.279272460937500000e+04
6.532320823765916273e+00 2.298581250000000000e+04 2.628798046875000000e+04 2.901190625000000000e+04 2.234293750000000000e+04 8.974170898437500000e+03 8.821974609375000000e+03 1.438823828125000000e+04
7.532113273446101154e+00 2.266007812500000000e+04 2.698470703125000000e+04 2.955095898437500000e+04 2.360558984375000000e+04 3.305364453125000000e+04 2.970314453125000000e+04 2.018668164062500000e+04
8.531905723126286034e+00 2.232246875000000000e+04 2.566023828125000000e+04 2.811882421875000000e+04 1.909548828125000000e+04 6.729918945312500000e+03 7.279513671875000000e+03 5.289978027343750000e+03
9.531698172806471803e+00 2.154865625000000000e+04 2.450892382812500000e+04 2.717351757812500000e+04 1.831594140625000000e+04 7.310554199218750000e+03 9.281663085937500000e+03 9.819040039062500000e+03
1.053149062248665757e+01 2.282888476562500000e+04 2.563253906250000000e+04 2.806688281250000000e+04 1.654251562500000000e+04 6.847509765625000000e+03 5.575637695312500000e+03 5.278454589843750000e+03
1.153128307216683979e+01 2.275493359375000000e+04 2.640637695312500000e+04 2.822504882812500000e+04 3.342201953125000000e+04 1.731884375000000000e+04 1.360962304687500000e+04 7.390830566406250000e+03
1.253107552184702733e+01 2.229690429687500000e+04 2.575829687500000000e+04 2.933675976562500000e+04 1.888340820312500000e+04 6.896719726562500000e+03 4.978908984375000000e+04 1.063097558593750000e+04
1.353086797152718646e+01 2.301034960937500000e+04 2.652129687500000000e+04 2.942523828125000000e+04 1.812412500000000000e+04 8.273248046875000000e+03 6.293004394531250000e+03 5.748385253906250000e+03
1.453066042120737045e+01 2.323767382812500000e+04 2.639988281250000000e+04 2.835632812500000000e+04 2.102914843750000000e+04 8.082521484375000000e+03 5.669037597656250000e+03 6.068727050781250000e+03
1.553045287088755622e+01 2.208041601562500000e+04 2.471513085937500000e+04 2.668204492187500000e+04 1.652227343750000000e+04 7.865034179687500000e+03 7.689761718750000000e+03 5.420718261718750000e+03
1.653024532056774021e+01 2.219852929687500000e+04 2.446196679687500000e+04 2.756866015625000000e+04 1.829410546875000000e+04 6.462850585937500000e+03 6.601308593750000000e+03 4.914091308593750000e+03
1.753003777024792598e+01 2.276794335937500000e+04 2.568026367187500000e+04 2.758782617187500000e+04 1.872666992187500000e+04 8.228833984375000000e+03 8.109991699218750000e+03 7.016211914062500000e+03
1.852983021992811175e+01 2.188185937500000000e+04 2.530908593750000000e+04 2.934578320312500000e+04 1.604434765625000000e+04 7.355600097656250000e+03 6.563851074218750000e+03 5.247233886718750000e+03
1.952962266960829751e+01 2.193749609375000000e+04 2.461158203125000000e+04 2.560429492187500000e+04 1.638750000000000000e+04 7.445786621093750000e+03 5.333625976562500000e+03 5.491986816406250000e+03
2.052941511928848328e+01 2.373746093750000000e+04 2.692160546875000000e+04 2.987416796875000000e+04 1.902115039062500000e+04 7.773561035156250000e+03 6.323416992187500000e+03 6.362561035156250000e+03
2.152920756896866905e+01 2.212965234375000000e+04 2.550400585937500000e+04 2.663362109375000000e+04 1.845776367187500000e+04 6.041553710937500000e+03 5.353472167968750000e+03 6.613951171875000000e+03
2.252900001864885127e+01 2.246777539062500000e+04 2.525400390625000000e+04 2.720862890625000000e+04 1.719574414062500000e+04 6.553896484375000000e+03 5.883351074218750000e+03 4.872844726562500000e+03
2.352879246832904059e+01 2.205746875000000000e+04 2.567530078125000000e+04 2.699315820312500000e+04 1.481941699218750000e+04 6.128469726562500000e+03 5.343709960937500000e+03 5.155866699218750000e+03
2.452858491800919438e+01 1.916517968750000000e+04 2.203265234375000000e+04 2.594566992187500000e+04 1.597749121093750000e+04 5.666246093750000000e+03 4.664829101562500000e+03 5.352738769531250000e+03
2.552837736768938370e+01 2.261054687500000000e+04 2.608496875000000000e+04 2.871297656250000000e+04 1.840135742187500000e+04 7.886835449218750000e+03 9.323456054687500000e+03 5.438660156250000000e+03
2.652816981736956947e+01 2.268272460937500000e+04 2.573816992187500000e+04 2.766691796875000000e+04 1.856615820312500000e+04 2.321549023437500000e+04 8.748296875000000000e+03 9.432505859375000000e+03
2.752796226704975169e+01 2.297074023437500000e+04 2.651419531250000000e+04 2.972742968750000000e+04 2.335966406250000000e+04 3.484527343750000000e+04 4.787610156250000000e+04 3.489265625000000000e+04
2.852775471672993390e+01 2.126990039062500000e+04 2.407391992187500000e+04 2.738349218750000000e+04 1.566035156250000000e+04 6.667061035156250000e+03 6.861010253906250000e+03 6.291076171875000000e+03
2.952754716641012322e+01 2.249554101562500000e+04 2.580575585937500000e+04 2.867076562500000000e+04 1.452660058593750000e+04 6.075998046875000000e+03 6.652344726562500000e+03 6.133948730468750000e+03
3.052733961609030899e+01 2.349563867187500000e+04 2.815306835937500000e+04 3.159637109375000000e+04 1.891025585937500000e+04 6.373222167968750000e+03 7.870037109375000000e+03 6.764927246093750000e+03
3.152713206577049121e+01 1.225962207031250000e+04 1.013486425781250000e+04 9.098810546875000000e+03 6.393768554687500000e+03 4.182670410156250000e+03 4.341566894531250000e+03 4.135107910156250000e+03
3.252692451545067343e+01 5.817078247070312500e+02 5.112193298339843750e+02 5.727733764648437500e+02 5.124630126953125000e+02 5.195231323242187500e+02 4.702747802734375000e+02 4.730108032226562500e+02
3.352671696513086630e+01 6.550116577148437500e+02 1.432276855468750000e+03 2.339885742187500000e+03 1.434336669921875000e+03 3.286474914550781250e+02 3.840531921386718750e+02 1.782380981445312500e+02
3.452650941481105207e+01 1.875875390625000000e+04 2.225798632812500000e+04 2.396501562500000000e+04 1.318005468750000000e+04 4.920352539062500000e+03 3.033438720703125000e+03 2.779447509765625000e+03
3.552630186449123073e+01 2.325887500000000000e+04 2.521968359375000000e+04 2.705261328125000000e+04 1.520747363281250000e+04 9.922147460937500000e+03 7.290165527343750000e+03 7.303455566406250000e+03
3.652609431417139518e+01 2.260684179687500000e+04 2.493221875000000000e+04 2.572709960937500000e+04 1.906314648437500000e+04 6.655979980468750000e+03 5.324272949218750000e+03 6.011085449218750000e+03
3.752588676385157385e+01 2.356419531250000000e+04 2.657692382812500000e+04 2.943193359375000000e+04 2.022562695312500000e+04 6.955895996093750000e+03 6.326553222656250000e+03 6.585036132812500000e+03
3.852567921353176672e+01 2.483334375000000000e+04 2.759968945312500000e+04 2.793354492187500000e+04 1.784049414062500000e+04 6.257413085937500000e+03 6.304958984375000000e+03 6.960055175781250000e+03
3.952547166321194538e+01 2.487101562500000000e+04 2.708970312500000000e+04 2.847090820312500000e+04 1.480927539062500000e+04 9.025820312500000000e+03 9.108729492187500000e+03 7.429401855468750000e+03
4.052526411289213115e+01 2.506705664062500000e+04 2.814254296875000000e+04 3.074739453125000000e+04 2.410152929687500000e+04 3.315263281250000000e+04 1.862812890625000000e+04 1.866059179687500000e+04
4.152505656257231692e+01 2.607236523437500000e+04 3.049307421875000000e+04 3.219406054687500000e+04 1.820712500000000000e+04 6.742230957031250000e+03 7.238373046875000000e+03 5.321600097656250000e+03
4.252484901225250269e+01 2.750639648437500000e+04 3.142607812500000000e+04 3.371275000000000000e+04 2.267325585937500000e+04 8.594171875000000000e+04 1.681941562500000000e+05 7.867236718750000000e+04
4.352464146193268846e+01 2.715233398437500000e+04 3.090105078125000000e+04 3.159546679687500000e+04 2.187774023437500000e+04 9.936246093750000000e+03 8.841000000000000000e+03 6.924086425781250000e+03
4.452443391161286712e+01 2.846849414062500000e+04 3.315729296875000000e+04 3.614346093750000000e+04 1.974103437500000000e+05 2.698340820312500000e+04 8.209654296875000000e+03 6.711885742187500000e+03
4.552422636129305999e+01 2.934518750000000000e+04 3.386798437500000000e+04 3.566799609375000000e+04 1.821779531250000000e+05 1.670177929687500000e+04 9.269647460937500000e+03 1.121398339843750000e+04
4.652401881097324576e+01 2.845287109375000000e+04 3.257542187500000000e+04 3.482077343750000000e+04 2.019313671875000000e+04 7.359912597656250000e+03 8.198494140625000000e+03 7.188508789062500000e+03
4.752381126065340311e+01 2.948153320312500000e+04 3.419172656250000000e+04 3.730300000000000000e+04 2.339940625000000000e+04 7.403036132812500000e+03 1.041508007812500000e+04 6.051229980468750000e+03
4.852360371033359598e+01 2.853762304687500000e+04 3.367184375000000000e+04 3.782316015625000000e+04 2.051715820312500000e+04 7.697254394531250000e+03 7.147090332031250000e+03 7.693628417968750000e+03
4.952339616001376754e+01 2.975864062500000000e+04 3.446529687500000000e+04 3.912055859375000000e+04 1.840418750000000000e+04 7.199740234375000000e+03 6.378893066406250000e+03 7.466295410156250000e+03
5.052318860969396042e+01 2.979231054687500000e+04 3.413375390625000000e+04 3.702206640625000000e+04 2.167227343750000000e+04 7.051121582031250000e+03 7.482635253906250000e+03 6.468662597656250000e+03
5.152298105937414618e+01 2.208287109375000000e+04 2.913947851562500000e+04 3.533759375000000000e+04 2.024332031250000000e+04 7.085261230468750000e+03 4.059116943359375000e+03 3.573103027343750000e+03
5.252277350905433195e+01 3.506456604003906250e+02 9.135387573242187500e+02 1.467360229492187500e+03 7.162717285156250000e+02 9.965299224853515625e+01 7.964221954345703125e+01 6.153215026855468750e+01
5.352256595873451062e+01 -3.632341003417968750e+01 -3.632341003417968750e+01 -3.632341003417968750e+01 -3.632341003417968750e+01 -3.632341003417968750e+01 -3.632341003417968750e+01 -3.632341003417968750e+01
5.452235840841469638e+01 -3.632178878784179688e+01 -3.632178878784179688e+01 -3.632178878784179688e+01 -3.632178878784179688e+01 -3.632178878784179688e+01 -3.632178878784179688e+01 -3.632178878784179688e+01
5.552215085809488926e+01 -3.632018280029296875e+01 -3.632018280029296875e+01 -3.632018280029296875e+01 -3.632018280029296875e+01 -3.632018280029296875e+01 -3.632018280029296875e+01 -3.632018280029296875e+01
5.652194330777507503e+01 -3.631857681274414062e+01 -3.631857681274414062e+01 -3.631857681274414062e+01 -3.631857681274414062e+01 -3.631857681274414062e+01 -3.631857681274414062e+01 -3.631857681274414062e+01
5.752173575745525369e+01 2.162829345703125000e+03 1.497145385742187500e+03 1.302406860351562500e+03 1.300852050781250000e+03 1.751708129882812500e+03 1.201694702148437500e+03 1.209752441406250000e+03
5.852152820713543946e+01 2.302834960937500000e+04 2.223037890625000000e+04 2.080425781250000000e+04 1.222274316406250000e+04 9.964451171875000000e+03 6.561102539062500000e+03 9.755988281250000000e+03
5.952132065681562523e+01 3.386033593750000000e+04 3.887398437500000000e+04 4.306227734375000000e+04 2.540906054687500000e+04 9.441674804687500000e+03 1.020674902343750000e+04 2.856139257812500000e+04
6.052111310649581100e+01 3.105293945312500000e+04 3.724952734375000000e+04 4.072351171875000000e+04 2.838764062500000000e+04 1.292336230468750000e+04 8.220138671875000000e+03 6.338128906250000000e+03
6.152090555617598966e+01 3.165274218750000000e+04 3.779592578125000000e+04 4.043157812500000000e+04 4.907481250000000000e+04 1.294967773437500000e+04 1.687462500000000000e+04 5.910058203125000000e+04
6.252069800585618253e+01 3.373969921875000000e+04 4.000951953125000000e+04 4.282043359375000000e+04 4.228271093750000000e+04 1.610482226562500000e+04 1.462033886718750000e+04 6.981701562500000000e+04
6.352049045553636830e+01 3.200365820312500000e+04 3.681452343750000000e+04 4.032648046875000000e+04 2.722516796875000000e+04 8.530569335937500000e+03 7.646604003906250000e+03 7.294533691406250000e+03
6.452028290521656118e+01 3.309376171875000000e+04 3.947512890625000000e+04 4.231821484375000000e+04 3.061042382812500000e+04 9.888904296875000000e+03 9.438660156250000000e+03 6.086221679687500000e+03
6.552007535489669010e+01 3.241739648437500000e+04 3.749093750000000000e+04 4.107967968750000000e+04 3.377591796875000000e+04 9.102841796875000000e+03 7.556598144531250000e+03 7.591408203125000000e+03
6.651986780457687587e+01 3.068836914062500000e+04 3.588482812500000000e+04 4.037200000000000000e+04 4.588445703125000000e+04 1.362860253906250000e+04 7.119987792968750000e+03 7.287809570312500000e+03
6.751966025425704743e+01 3.016686718750000000e+04 3.449711328125000000e+04 3.685575390625000000e+04 2.669461523437500000e+04 3.002133398437500000e+04 1.839695507812500000e+04 1.105912109375000000e+04
6.851945270393724741e+01 3.084258203125000000e+04 3.475116015625000000e+04 3.705468359375000000e+04 2.408385156250000000e+04 4.202666796875000000e+04 6.435967578125000000e+04 4.170561718750000000e+04
6.951924515361743317e+01 2.869097656250000000e+04 3.326736328125000000e+04 3.812204687500000000e+04 2.473638867187500000e+04 7.592746093750000000e+03 6.546892578125000000e+03 8.428145507812500000e+03
7.051903760329760473e+01 3.123470312500000000e+04 3.707265234375000000e+04 4.106391796875000000e+04 3.278427734375000000e+04 1.295587597656250000e+04 2.065871875000000000e+04 5.588234765625000000e+04
7.151883005297779050e+01 3.009736718750000000e+04 3.537502734375000000e+04 4.044493750000000000e+04 2.456657617187500000e+04 1.152623242187500000e+04 2.173962109375000000e+04 4.104343750000000000e+04
7.251862250265797627e+01 2.785016015625000000e+04 3.153061132812500000e+04 3.432732812500000000e+04 2.506447265625000000e+04 1.102623144531250000e+04 1.399978906250000000e+04 2.458163671875000000e+04
7.351841495233816204e+01 2.765611914062500000e+04 3.178580664062500000e+04 3.550038281250000000e+04 6.841753125000000000e+04 9.596882812500000000e+03 7.525602539062500000e+03 7.089251464843750000e+03
7.451820740201836202e+01 2.864700390625000000e+04 3.203109570312500000e+04 3.761812500000000000e+04 4.268319921875000000e+04 1.230696582031250000e+04 8.731508789062500000e+03 7.964583496093750000e+03
7.551799985169853358e+01 2.697212109375000000e+04 3.115112890625000000e+04 3.372900390625000000e+04 2.740102343750000000e+04 5.034251953125000000e+04 4.534047812500000000e+05 2.546543750000000000e+04
7.651779230137871934e+01 2.576386914062500000e+04 3.031800390625000000e+04 3.210529101562500000e+04 3.200626367187500000e+04 8.692570312500000000e+03 8.156603515625000000e+03 7.121002441406250000e+03
7.751758475105890511e+01 2.467849218750000000e+04 2.828045312500000000e+04 3.085238281250000000e+04 2.578065039062500000e+04 9.981730468750000000e+04 8.055617968750000000e+04 4.905285156250000000e+04
7.851737720073909088e+01 2.556983398437500000e+04 3.075373632812500000e+04 3.412360546875000000e+04 2.352266601562500000e+04 5.570779687500000000e+04 4.800820703125000000e+04 2.947286523437500000e+04
7.951716965041927665e+01 2.739492578125000000e+04 3.171654492187500000e+04 3.454973437500000000e+04 2.208742187500000000e+04 1.380013906250000000e+05 1.293415078125000000e+05 2.776068359375000000e+04
8.051696210009946242e+01 2.516040429687500000e+04 2.931296679687500000e+04 3.253192382812500000e+04 1.965805664062500000e+04 8.012355957031250000e+03 7.988869628906250000e+03 9.652862304687500000e+03
8.151675454977964819e+01 2.580824414062500000e+04 2.909157226562500000e+04 3.059812890625000000e+04 1.863104101562500000e+04 1.009546582031250000e+04 1.039148730468750000e+04 6.999905273437500000e+03
8.251654699945983396e+01 2.192898046875000000e+04 2.454515234375000000e+04 2.494196289062500000e+04 1.821003906250000000e+04 9.074806640625000000e+03 5.375355957031250000e+03 4.932370605468750000e+03
8.351633944914001972e+01 2.421519726562500000e+04 2.844461523437500000e+04 3.183852148437500000e+04 2.316505859375000000e+04 1.107106445312500000e+04 7.158787109375000000e+03 6.910836914062500000e+03
8.451613189882020549e+01 2.549942578125000000e+04 2.986409960937500000e+04 3.187847070312500000e+04 2.013386523437500000e+04 6.715820800781250000e+03 6.454820800781250000e+03 5.714479003906250000e+03
8.551592434850037705e+01 2.702458398437500000e+04 3.155354492187500000e+04 3.265207031250000000e+04 2.332790429687500000e+04 1.197916113281250000e+04 1.028056152343750000e+04 2.987154882812500000e+04
8.651571679818056282e+01 2.600820507812500000e+04 3.026651953125000000e+04 3.369692187500000000e+04 2.613996875000000000e+04 1.979674218750000000e+04 8.623886718750000000e+03 1.311495117187500000e+04
8.751550924786074859e+01 2.606739843750000000e+04 3.086124218750000000e+04 3.459916015625000000e+04 2.647877734375000000e+04 1.317020117187500000e+04 1.664275000000000000e+05 1.274064453125000000e+05
8.851530169754089172e+01 2.700661718750000000e+04 3.172577734375000000e+04 3.635090625000000000e+04 2.456275585937500000e+04 1.135481250000000000e+04 1.349389218750000000e+05 3.629216796875000000e+04
8.951509414722107749e+01 2.726264843750000000e+04 3.274842382812500000e+04 3.765178515625000000e+04 2.427308203125000000e+04 9.485089843750000000e+03 7.313571777343750000e+03 1.126837304687500000e+04
9.051488659690126326e+01 2.653883984375000000e+04 3.203558593750000000e+04 3.541516015625000000e+04 2.551873437500000000e+04 1.126796972656250000e+04 1.412621972656250000e+04 3.191271875000000000e+04
9.151467904658144903e+01 2.679488867187500000e+04 3.105892968750000000e+04 3.570865234375000000e+04 2.482742187500000000e+04 1.165533886718750000e+04 1.040851757812500000e+04 1.701740234375000000e+04
9.251447149626163480e+01 2.707083203125000000e+04 3.208111914062500000e+04 3.553675000000000000e+04 2.590325195312500000e+04 1.481195898437500000e+04 1.564929882812500000e+04 3.599970703125000000e+04
9.351426394594182057e+01 2.693651953125000000e+04 3.201599609375000000e+04 3.446207812500000000e+04 2.605277539062500000e+04 9.260083007812500000e+03 7.495885253906250000e+03 7.095568359375000000e+03
9.451405639562199212e+01 2.821162109375000000e+04 3.423992578125000000e+04 3.891011718750000000e+04 3.994951953125000000e+04 2.359757812500000000e+04 1.934165625000000000e+04 1.496675292968750000e+04
9.551384884530217789e+01 2.646914843750000000e+04 3.260413085937500000e+04 3.710126953125000000e+04 2.293310742187500000e+04 3.657981250000000000e+04 1.357946191406250000e+04 1.092216406250000000e+04
9.651364129498236366e+01 2.464382421875000000e+04 2.915059179687500000e+04 3.202330078125000000e+04 2.731735156250000000e+04 7.678103027343750000e+03 8.683290039062500000e+03 6.093638183593750000e+03
9.751343374466256364e+01 2.941614257812500000e+04 3.475703125000000000e+04 3.970210156250000000e+04 3.182166601562500000e+04 9.049558593750000000e+03 7.777912597656250000e+03 7.663462402343750000e+03
9.851322619434274941e+01 2.968575585937500000e+04 3.522810546875000000e+04 3.940052343750000000e+04 2.300012109375000000e+04 8.813064453125000000e+03 7.486513183593750000e+03 5.876270019531250000e+03
9.951301864402293518e+01 3.285096875000000000e+04 3.949933203125000000e+04 4.505216015625000000e+04 3.138559570312500000e+04 1.369941113281250000e+04 1.348401367187500000e+04 8.883089843750000000e+03
1.005128110937031209e+02 3.527202343750000000e+04 4.154161328125000000e+04 4.670219531250000000e+04 2.689104062500000000e+05 1.052796777343750000e+04 8.485855468750000000e+03 7.806739257812500000e+03
1.015126035433833067e+02 3.347413281250000000e+04 3.992750781250000000e+04 4.500406250000000000e+04 2.896063867187500000e+04 8.804739257812500000e+03 1.010415722656250000e+04 1.458734960937500000e+04
1.025123959930634783e+02 3.599270703125000000e+04 4.202413281250000000e+04 4.929408593750000000e+04 3.569698437500000000e+04 1.270490917968750000e+04 4.864041796875000000e+04 4.926270312500000000e+05
1.035121884427436640e+02 3.479237109375000000e+04 4.209588671875000000e+04 4.691421875000000000e+04 3.468806640625000000e+04 1.794093554687500000e+04 1.246871875000000000e+04 9.505824218750000000e+03
1.045119808924238498e+02 3.623638281250000000e+04 4.278917578125000000e+04 4.815193750000000000e+04 3.223134570312500000e+04 1.318682519531250000e+04 1.882098632812500000e+04 2.290741796875000000e+04
1.055117733421040356e+02 3.690504296875000000e+04 4.490934375000000000e+04 5.041006640625000000e+04 3.632354687500000000e+04 1.521930957031250000e+04 1.546020410156250000e+04 2.838049609375000000e+04
1.065115657917842213e+02 3.812912500000000000e+04 4.685954296875000000e+04 5.012268750000000000e+04 3.238184960937500000e+04 1.513505761718750000e+04 8.494031250000000000e+03 8.986465820312500000e+03
1.075113582414644071e+02 3.780677734375000000e+04 4.597002343750000000e+04 5.068600390625000000e+04 3.426412890625000000e+04 2.181853125000000000e+05 2.652496289062500000e+04 8.608281250000000000e+03
1.085111506911446071e+02 3.914658593750000000e+04 4.704952734375000000e+04 5.284570703125000000e+04 4.073610156250000000e+04 1.223894824218750000e+04 2.434314062500000000e+04 1.086174121093750000e+04
1.095109431408247929e+02 4.023017187500000000e+04 4.896005468750000000e+04 5.121631250000000000e+04 4.537438437500000000e+05 5.685825000000000000e+04 1.490628593750000000e+05 8.194489062500000000e+04
1.105107355905049502e+02 3.412998046875000000e+04 4.295962890625000000e+04 5.007156250000000000e+04 3.672794531250000000e+04 1.648870117187500000e+04 1.494977929687500000e+04 1.551545312500000000e+04
1.115105280401851076e+02 3.866569140625000000e+04 4.793216406250000000e+04 5.723798437500000000e+04 3.924435156250000000e+04 4.857648046875000000e+04 3.414156640625000000e+04 5.787011328125000000e+04
1.125103204898652791e+02 4.069987890625000000e+04 5.006743750000000000e+04 5.808389843750000000e+04 3.661583593750000000e+04 4.455003906250000000e+04 5.565035546875000000e+04 2.107533593750000000e+05
1.135101129395454649e+02 4.176963671875000000e+04 5.176664453125000000e+04 6.024769531250000000e+04 3.615440234375000000e+04 2.754551953125000000e+04 2.013976562500000000e+04 2.629648242187500000e+04
1.145099053892256507e+02 3.842830078125000000e+04 4.716277734375000000e+04 5.453677734375000000e+04 3.481940234375000000e+04 1.519424316406250000e+04 1.105761816406250000e+04 1.016138281250000000e+04
1.155096978389058364e+02 4.161076562500000000e+04 5.117452343750000000e+04 5.709831640625000000e+04 6.919963281250000000e+04 1.260685703125000000e+05 1.849678710937500000e+04 1.348758105468750000e+04
1.165094902885860222e+02 3.865979296875000000e+04 4.820142578125000000e+04 5.797915234375000000e+04 4.119842968750000000e+04 4.651503906250000000e+04 9.784146484375000000e+03 9.070684570312500000e+03
1.175092827382662080e+02 4.112936718750000000e+04 5.110062890625000000e+04 5.707143359375000000e+04 3.840585937500000000e+04 1.543478222656250000e+04 1.031402734375000000e+04 9.045323242187500000e+03
1.185090751879464079e+02 3.916430078125000000e+04 4.737439843750000000e+04 5.426789843750000000e+04 3.964729687500000000e+04 3.723779296875000000e+04 2.288742578125000000e+04 1.368485742187500000e+04
1.195088676376265653e+02 3.680191406250000000e+04 4.346162500000000000e+04 5.182107812500000000e+04 3.513429687500000000e+04 2.565810546875000000e+04 7.927630371093750000e+03 9.534464843750000000e+03
1.205086600873067653e+02 3.701796093750000000e+04 4.494538281250000000e+04 5.139079687500000000e+04 3.757127343750000000e+04 1.021260546875000000e+04 8.247164062500000000e+03 1.264181152343750000e+04
1.215084525369869510e+02 2.467661132812500000e+04 2.405339257812500000e+04 2.230658789062500000e+04 1.261377929687500000e+04 6.076071777343750000e+03 6.296705078125000000e+03 3.046902343750000000e+04
1.225082449866671368e+02 1.984636962890625000e+03 1.099527099609375000e+03 1.124306152343750000e+03 9.210674438476562500e+02 9.349910278320312500e+02 9.282638549804687500e+02 8.984760131835937500e+02
1.235080374363473226e+02 -3.629647064208984375e+01 -3.629647064208984375e+01 -3.629647064208984375e+01 -3.629647064208984375e+01 -3.629647064208984375e+01 -3.629647064208984375e+01 -3.629647064208984375e+01
1.245078298860275083e+02 -3.629750061035156250e+01 -3.629750061035156250e+01 -3.629750061035156250e+01 -3.629750061035156250e+01 -3.629750061035156250e+01 -3.629750061035156250e+01 -3.629750061035156250e+01
1.255076223357076941e+02 -3.629853057861328125e+01 -3.629853057861328125e+01 -3.629853057861328125e+01 -3.629853057861328125e+01 -3.629853057861328125e+01 -3.629853057861328125e+01 -3.629853057861328125e+01
1.265074147853878799e+02 -3.629958343505859375e+01 -3.629958343505859375e+01 -3.629958343505859375e+01 -3.629958343505859375e+01 -3.629958343505859375e+01 -3.629958343505859375e+01 -3.629958343505859375e+01
1.275072072350680656e+02 7.054062500000000000e+02 1.749178710937500000e+03 2.762237792968750000e+03 1.652691284179687500e+03 1.460560937500000000e+04 7.210543750000000000e+04 1.926477929687500000e+04
1.285069996847482514e+02 2.323340625000000000e+04 3.011034570312500000e+04 3.542529296875000000e+04 1.820959960937500000e+04 8.892189453125000000e+03 1.193243066406250000e+04 7.949043457031250000e+03
1.295067921344284230e+02 2.870408398437500000e+04 3.355541015625000000e+04 3.706559765625000000e+04 1.910675976562500000e+04 7.191206542968750000e+03 6.727287597656250000e+03 5.522983398437500000e+03
1.305065845841086229e+02 2.638619726562500000e+04 3.029091210937500000e+04 3.331070312500000000e+04 1.810216992187500000e+04 6.580111816406250000e+03 5.824165527343750000e+03 6.077188476562500000e+03
1.315063770337887945e+02 2.730894726562500000e+04 3.215968359375000000e+04 3.518231250000000000e+04 2.133307031250000000e+04 9.628662109375000000e+03 1.006842773437500000e+04 7.262921386718750000e+03
1.325061694834689945e+02 2.599719531250000000e+04 3.048969531250000000e+04 3.360291015625000000e+04 1.630919531250000000e+04 9.292044921875000000e+03 1.076833007812500000e+04 8.569246093750000000e+03
1.335059619331491660e+02 2.453402539062500000e+04 2.860098632812500000e+04 3.148720703125000000e+04 1.790038281250000000e+04 5.604458496093750000e+03 5.117134765625000000e+03 5.555238281250000000e+03
1.345057543828293660e+02 2.408830273437500000e+04 2.878560156250000000e+04 2.954674414062500000e+04 1.767506250000000000e+04 6.817285156250000000e+03 4.996640625000000000e+03 5.691164062500000000e+03
1.355055468325095092e+02 2.345436718750000000e+04 2.768948437500000000e+04 2.858181640625000000e+04 1.526932324218750000e+04 6.895870605468750000e+03 5.486537109375000000e+03 5.208064453125000000e+03
1.365053392821896807e+02 2.327110546875000000e+04 2.714477148437500000e+04 2.910324218750000000e+04 1.631312597656250000e+04 5.943332031250000000e+03 5.030196289062500000e+03 4.810450195312500000e+03
1.375051317318698523e+02 2.264953906250000000e+04 2.644023437500000000e+04 2.822131445312500000e+04 1.592345117187500000e+04 9.025727539062500000e+03 6.110923828125000000e+03 5.777907226562500000e+03
1.385049241815500523e+02 2.258036914062500000e+04 2.582537304687500000e+04 2.634789843750000000e+04 1.934882031250000000e+04 2.611591601562500000e+04 1.081554980468750000e+04 7.906252929687500000e+03
1.395047166312302238e+02 2.170051953125000000e+04 2.433856640625000000e+04 2.538456445312500000e+04 1.874158984375000000e+04 7.671347656250000000e+03 5.214328613281250000e+03 5.407945312500000000e+03
1.405045090809104238e+02 2.116857226562500000e+04 2.399107421875000000e+04 2.509191796875000000e+04 3.191620507812500000e+04 1.476525488281250000e+04 5.552958984375000000e+03 4.993079589843750000e+03
1.415043015305905953e+02 2.013031054687500000e+04 2.288545507812500000e+04 2.487034570312500000e+04 2.291938476562500000e+04 1.319102148437500000e+04 6.144572265625000000e+03 5.202077636718750000e+03
1.425040939802707953e+02 2.048040039062500000e+04 2.291518554687500000e+04 2.439411718750000000e+04 2.523672851562500000e+04 8.685924804687500000e+03 1.156119238281250000e+04 5.862630859375000000e+03
1.435038864299509669e+02 1.979621484375000000e+04 2.203442968750000000e+04 2.305007031250000000e+04 1.524207519531250000e+04 6.202086425781250000e+03 5.279670410156250000e+03 6.042029785156250000e+03
1.445036788796311669e+02 1.535719433593750000e+04 1.727058398437500000e+04 1.783598437500000000e+04 1.227599804687500000e+04 4.157769042968750000e+03 3.873444335937500000e+03 4.065092041015625000e+03
1.455034713293113384e+02 1.835202734375000000e+04 1.958048828125000000e+04 1.961054296875000000e+04 1.077130761718750000e+04 5.417529785156250000e+03 5.074387695312500000e+03 5.705781738281250000e+03
1.465032637789915100e+02 1.899089062500000000e+04 2.069094140625000000e+04 2.122796679687500000e+04 1.273778027343750000e+04 4.811663085937500000e+03 4.574179199218750000e+03 5.041929687500000000e+03
1.475030562286717100e+02 1.845386523437500000e+04 2.011283007812500000e+04 2.050345312500000000e+04 1.171616699218750000e+04 5.129849218750000000e+04 1.407763593750000000e+05 4.128265000000000000e+05
1.485028486783519099e+02 1.844487890625000000e+04 2.028218750000000000e+04 1.971722656250000000e+04 1.477223046875000000e+04 8.969472656250000000e+03 1.762766992187500000e+04 5.190948437500000000e+04
1.495026411280320815e+02 1.777490039062500000e+04 1.975560742187500000e+04 1.926207617187500000e+04 1.229946875000000000e+04 1.172685253906250000e+04 5.070960449218750000e+03 5.127817382812500000e+03
1.505024335777122815e+02 1.804206054687500000e+04 1.982233007812500000e+04 2.081610156250000000e+04 1.263507128906250000e+04 3.007783984375000000e+04 8.429153320312500000e+03 6.098081542968750000e+03
1.515022260273924530e+02 1.741516015625000000e+04 1.843824609375000000e+04 1.799395117187500000e+04 1.197044726562500000e+04 2.566610546875000000e+04 7.744801269531250000e+03 6.175444824218750000e+03
1.525020184770726530e+02 1.792572851562500000e+04 1.907857421875000000e+04 1.854262695312500000e+04 1.156713378906250000e+04 6.153401855468750000e+03 8.018532714843750000e+03 6.339189941406250000e+03
1.535018109267528246e+02 1.778462500000000000e+04 1.837079492187500000e+04 1.716609375000000000e+04 2.016200195312500000e+04 1.376250292968750000e+04 1.842413671875000000e+04 1.807495898437500000e+04
1.545016033764329961e+02 1.812768164062500000e+04 1.989198046875000000e+04 1.995434765625000000e+04 1.531700585937500000e+04 6.116196777343750000e+03 5.820744140625000000e+03 5.146835449218750000e+03
1.555013958261131961e+02 1.445286914062500000e+04 1.501435937500000000e+04 1.504081347656250000e+04 1.048450683593750000e+04 5.286058593750000000e+03 4.423022949218750000e+03 4.395254394531250000e+03
1.565011882757933677e+02 1.723228125000000000e+04 1.774498632812500000e+04 1.830116992187500000e+04 1.859039843750000000e+04 6.673507324218750000e+03 5.326849609375000000e+03 5.185003417968750000e+03
1.575009807254735676e+02 1.716534375000000000e+04 1.722177734375000000e+04 1.711493554687500000e+04 1.103324023437500000e+04 5.294636230468750000e+03 5.741735351562500000e+03 5.123706542968750000e+03
1.585007731751537108e+02 1.606394140625000000e+04 1.629181152343750000e+04 1.579067871093750000e+04 9.538658203125000000e+03 6.365231445312500000e+03 9.176852539062500000e+03 1.262829589843750000e+04
1.595005656248338823e+02 1.659295898437500000e+04 1.707726367187500000e+04 1.628208789062500000e+04 1.357540429687500000e+04 2.240086914062500000e+04 5.959412109375000000e+04 1.113545937500000000e+05
1.605003580745140823e+02 1.714892187500000000e+04 1.722052148437500000e+04 1.631705175781250000e+04 1.010296777343750000e+04 5.975405761718750000e+03 7.072251953125000000e+03 1.063656542968750000e+04
1.615001505241942539e+02 1.656573828125000000e+04 1.668563281250000000e+04 1.683894726562500000e+04 1.121004687500000000e+04 5.630231933593750000e+03 6.550684082031250000e+03 9.898010742187500000e+03
1.624999429738744254e+02 1.692191210937500000e+04 1.711754882812500000e+04 1.727895117187500000e+04 1.160342187500000000e+04 8.505875000000000000e+03 7.579262695312500000e+03 5.793253906250000000e+03
1.634997354235546254e+02 1.787134960937500000e+04 1.856615625000000000e+04 1.858369335937500000e+04 1.187825097656250000e+04 1.370728320312500000e+04 1.225374218750000000e+04 7.948654785156250000e+03
1.644995278732347970e+02 1.828423437500000000e+04 1.894064843750000000e+04 1.941862304687500000e+04 1.318501953125000000e+04 3.548766250000000000e+05 1.328084062500000000e+05 4.627596484375000000e+04
1.654993203229149970e+02 1.811024023437500000e+04 1.843620703125000000e+04 1.801737109375000000e+04 1.254403125000000000e+04 1.026823144531250000e+04 9.594617187500000000e+03 9.506000000000000000e+03
1.664991127725951685e+02 1.776778320312500000e+04 1.789574218750000000e+04 1.825339257812500000e+04 2.764295312500000000e+04 1.093303320312500000e+04 1.046776562500000000e+04 9.055907226562500000e+03
1.674989052222753401e+02 1.731066601562500000e+04 1.801658789062500000e+04 1.743720507812500000e+04 2.055220703125000000e+04 3.937678515625000000e+04 3.483529296875000000e+04 2.519432617187500000e+04
1.684986976719555400e+02 1.820711523437500000e+04 1.858950585937500000e+04 1.829130273437500000e+04 1.371922558593750000e+04 5.382460937500000000e+04 6.159213671875000000e+04 5.242122656250000000e+04
1.694984901216357116e+02 1.847118164062500000e+04 1.898611132812500000e+04 1.857221484375000000e+04 2.535080468750000000e+05 1.305112625000000000e+06 1.430769500000000000e+06 1.392170750000000000e+06
1.704982825713159400e+02 1.779378515625000000e+04 1.781774023437500000e+04 1.640623437500000000e+04 1.144229980468750000e+04 2.610140625000000000e+04 4.273463281250000000e+04 4.259361328125000000e+04
1.714980750209961116e+02 1.802515820312500000e+04 1.806077343750000000e+04 1.711865234375000000e+04 1.265146484375000000e+04 9.964811523437500000e+03 1.426891992187500000e+04 1.473171093750000000e+04
1.724978674706763115e+02 1.915527539062500000e+04 1.831380273437500000e+04 1.728487109375000000e+04 1.197109277343750000e+04 8.502366210937500000e+03 8.905405273437500000e+03 9.122690429687500000e+03
1.734976599203564831e+02 1.883114257812500000e+04 1.828839257812500000e+04 1.674191210937500000e+04 1.104298828125000000e+04 8.452936523437500000e+03 7.453709960937500000e+03 7.403472656250000000e+03
1.744974523700366547e+02 1.771783398437500000e+04 1.710304687500000000e+04 1.705136718750000000e+04 1.068493750000000000e+04 5.468701660156250000e+03 6.136954589843750000e+03 6.004510742187500000e+03
1.754972448197168546e+02 1.852542187500000000e+04 1.790595117187500000e+04 1.698069726562500000e+04 1.408113964843750000e+04 6.620896484375000000e+03 6.155506835937500000e+03 6.008776855468750000e+03
1.764970372693970262e+02 1.821332617187500000e+04 1.746169921875000000e+04 1.670967578125000000e+04 1.110064160156250000e+04 5.590400878906250000e+03 5.666702636718750000e+03 5.433138183593750000e+03
1.774968297190772262e+02 1.926583984375000000e+04 1.937605078125000000e+04 1.876248828125000000e+04 1.380548437500000000e+04 1.017276464843750000e+04 1.017756933593750000e+04 1.098405664062500000e+04
1.784966221687573977e+02 1.848468933105468750e+02 1.304247589111328125e+02 1.129695053100585938e+02 7.912387847900390625e+01 5.948459625244140625e+01 5.578289031982421875e+01 5.121539688110351562e+01
1.794964146184375124e+02 -3.631241989135742188e+01 -3.631241989135742188e+01 -3.631241989135742188e+01 -3.631241989135742188e+01 -3.631241989135742188e+01 -3.631241989135742188e+01 -3.631241989135742188e+01
