-1.794319377854038464e+02 8.391515502929687500e+02
-1.784321612348890937e+02 8.048767089843750000e+02
-1.774323846843743127e+02 9.885001831054687500e+02
-1.764326081338595600e+02 1.022207031250000000e+03
-1.754328315833447789e+02 8.274666748046875000e+02
-1.744330550328299978e+02 7.539643554687500000e+02
-1.734332784823152167e+02 8.020922851562500000e+02
-1.724335019318004356e+02 7.343713989257812500e+02
-1.714337253812856545e+02 1.812950073242187500e+03
-1.704339488307709018e+02 1.153561035156250000e+03
-1.694341722802561492e+02 8.683475341796875000e+02
-1.684343957297413681e+02 7.869537353515625000e+02
-1.674346191792265870e+02 7.073024291992187500e+02
-1.664348426287118059e+02 7.130853271484375000e+02
-1.654350660781970248e+02 5.791705322265625000e+02
-1.644352895276822437e+02 5.671402587890625000e+02
-1.634355129771674626e+02 6.687708740234375000e+02
-1.624357364266527100e+02 5.861036987304687500e+02
-1.614359598761379573e+02 6.794005737304687500e+02
-1.604361833256231762e+02 7.619742431640625000e+02
-1.594364067751083951e+02 7.803353881835937500e+02
-1.584366302245936140e+02 5.789364013671875000e+02
-1.574368536740788613e+02 5.300958862304687500e+02
-1.564370771235640802e+02 4.998667297363281250e+02
-1.554373005730492991e+02 6.629342041015625000e+02
-1.544375240225345181e+02 7.607422485351562500e+02
-1.534377474720197654e+02 6.353119506835937500e+02
-1.524379709215049843e+02 4.867327880859375000e+02
-1.514381943709902032e+02 6.758955688476562500e+02
-1.504384178204753937e+02 6.112557373046875000e+02
-1.494386412699606694e+02 6.057349243164062500e+02
-1.484388647194458599e+02 6.793821411132812500e+02
-1.474390881689311072e+02 4.569767456054687500e+02
-1.464393116184162977e+02 4.712071838378906250e+02
-1.454395350679015735e+02 5.030944824218750000e+02
-1.444397585173867640e+02 4.034312133789062500e+02
-1.434399819668720397e+02 4.558852539062500000e+02
-1.424402054163572018e+02 5.191309814453125000e+02
-1.414404288658424775e+02 4.214052734375000000e+02
-1.404406523153276680e+02 4.898929443359375000e+02
-1.394408757648129438e+02 4.663703918457031250e+02
-1.384410992142981343e+02 4.148185119628906250e+02
-1.374413226637833532e+02 5.145452270507812500e+02
-1.364415461132685721e+02 4.310845947265625000e+02
-1.354417695627537910e+02 3.364734802246093750e+02
-1.344419930122390383e+02 6.942534179687500000e+02
-1.334422164617242572e+02 5.669598388671875000e+02
-1.324424399112094761e+02 6.355706787109375000e+02
-1.314426633606947235e+02 3.911621093750000000e+02
-1.304428868101799424e+02 3.589900207519531250e+02
-1.294431102596651613e+02 3.430916137695312500e+02
-1.284433337091503802e+02 4.210970153808593750e+02
-1.274435571586356275e+02 4.121166381835937500e+02
-1.264437806081208464e+02 3.524470520019531250e+02
-1.254440040576060653e+02 4.384443969726562500e+02
-1.244442275070912842e+02 4.259293212890625000e+02
-1.234444509565765316e+02 3.408165283203125000e+02
-1.224446744060617505e+02 3.930271301269531250e+02
-1.214448978555469694e+02 4.347632446289062500e+02
-1.204451213050322025e+02 9.868839111328125000e+02
-1.194453447545174356e+02 3.845186462402343750e+02
-1.184455682040026545e+02 4.308128662109375000e+02
-1.174457916534878734e+02 3.851553344726562500e+02
-1.164460151029731065e+02 4.342577514648437500e+02
-1.154462385524583254e+02 4.942401428222656250e+02
-1.144464620019435586e+02 4.621476135253906250e+02
-1.134466854514287917e+02 4.859393310546875000e+02
-1.124469089009140106e+02 4.866521301269531250e+02
-1.114471323503992295e+02 5.826762084960937500e+02
-1.104473557998844626e+02 5.693930664062500000e+02
-1.094475792493696957e+02 3.648253784179687500e+02
-1.084478026988549146e+02 4.459324645996093750e+02
-1.074480261483401335e+02 4.814504089355468750e+02
-1.064482495978253809e+02 5.232687377929687500e+02
-1.054484730473105998e+02 5.474739379882812500e+02
-1.044486964967958187e+02 4.986030273437500000e+02
-1.034489199462810376e+02 5.290878906250000000e+02
-1.024491433957662849e+02 8.408516235351562500e+02
-1.014493668452515038e+02 5.733621215820312500e+02
-1.004495902947367227e+02 4.784895935058593750e+02
-9.944981374422197007e+01 5.010751953125000000e+02
-9.845003719370716055e+01 4.691655883789062500e+02
-9.745026064319239367e+01 4.353544616699218750e+02
-9.645048409267762679e+01 5.023958129882812500e+02
-9.545070754216284570e+01 5.070473632812500000e+02
-9.445093099164806461e+01 5.914963989257812500e+02
-9.345115444113331193e+01 5.186620483398437500e+02
-9.245137789061853084e+01 6.128814697265625000e+02
-9.145160134010374975e+01 5.009047546386718750e+02
-9.045182478958896866e+01 4.842808227539062500e+02
-8.945204823907421599e+01 4.990498352050781250e+02
-8.845227168855943489e+01 4.719871520996093750e+02
-8.745249513804465380e+01 6.285967407226562500e+02
-8.645271858752987271e+01 4.033250732421875000e+02
-8.545294203701512004e+01 3.859682312011718750e+02
-8.445316548650033894e+01 4.116736450195312500e+02
-8.345338893598555785e+01 4.581525268554687500e+02
-8.245361238547080518e+01 5.681389770507812500e+02
-8.145383583495602409e+01 3.709973144531250000e+02
-8.045405928444124299e+01 5.526218872070312500e+02
-7.945428273392647611e+01 5.313127441406250000e+02
-7.845450618341169502e+01 4.634712219238281250e+02
-7.745472963289692814e+01 4.461969909667968750e+02
-7.645495308238214704e+01 3.662942504882812500e+02
-7.545517653186738016e+01 5.661377563476562500e+02
-7.445539998135259907e+01 3.640247497558593750e+02
-7.345562343083783219e+01 3.941776428222656250e+02
-7.245584688032305110e+01 2.974827575683593750e+02
-7.145607032980828421e+01 3.041014404296875000e+02
-7.045629377929350312e+01 3.950782470703125000e+02
-6.945651722877873624e+01 3.250648498535156250e+02
-6.845674067826395515e+01 3.369665527343750000e+02
-6.745696412774917405e+01 3.497097778320312500e+02
-6.645718757723440717e+01 3.669630126953125000e+02
-6.545741102671962608e+01 3.803383789062500000e+02
-6.445763447620485920e+01 9.979030151367187500e+02
-6.345785792569007810e+01 1.670766357421875000e+03
-6.245808137517530412e+01 4.020434265136718750e+02
-6.145830482466053724e+01 3.187754821777343750e+02
-6.045852827414575614e+01 3.423937683105468750e+02
-5.945875172363098926e+01 3.996492614746093750e+02
-5.845897517311620817e+01 4.894092712402343750e+02
-5.745919862260144129e+01 4.142454223632812500e+02
-5.645942207208666019e+01 3.244978942871093750e+02
-5.545964552157189331e+01 3.176405334472656250e+02
-5.445986897105711932e+01 5.088373107910156250e+02
-5.346009242054234534e+01 4.687801818847656250e+02
-5.246031587002757135e+01 3.338113708496093750e+02
-5.146053931951279736e+01 4.013080139160156250e+02
-5.046076276899802338e+01 4.706793823242187500e+02
-4.946098621848324939e+01 3.969812316894531250e+02
-4.846120966796847540e+01 5.368556518554687500e+02
-4.746143311745370852e+01 4.096983337402343750e+02
-4.646165656693892743e+01 4.534943847656250000e+02
-4.546188001642416054e+01 4.070465698242187500e+02
-4.446210346590937945e+01 4.326294860839843750e+02
-4.346232691539461257e+01 4.024221496582031250e+02
-4.246255036487983148e+01 3.061228942871093750e+02
-4.146277381436506460e+01 3.683598022460937500e+02
-4.046299726385029061e+01 4.387229003906250000e+02
-3.946322071333551662e+01 3.919996948242187500e+02
-3.846344416282074263e+01 5.024785766601562500e+02
-3.746366761230596865e+01 4.819020996093750000e+02
-3.646389106179119466e+01 5.117262573242187500e+02
-3.546411451127642067e+01 4.853435668945312500e+02
-3.446433796076164668e+01 4.440026855468750000e+02
-3.346456141024687270e+01 3.902085571289062500e+02
-3.246478485973209871e+01 7.369353637695312500e+02
-3.146500830921732472e+01 4.665018005371093750e+02
-3.046523175870255074e+01 4.550740356445312500e+02
-2.946545520818777675e+01 4.882181396484375000e+02
-2.846567865767300276e+01 5.650274047851562500e+02
-2.746590210715823233e+01 6.209494018554687500e+02
-2.646612555664345834e+01 6.482234497070312500e+02
-2.546634900612868435e+01 5.243091430664062500e+02
-2.446657245561391036e+01 5.646823120117187500e+02
-2.346679590509913638e+01 5.078750610351562500e+02
-2.246701935458436239e+01 6.571251220703125000e+02
-2.146724280406958840e+01 5.818413085937500000e+02
-2.046746625355481441e+01 5.441529541015625000e+02
-1.946768970304004398e+01 5.757026367187500000e+02
-1.846791315252524512e+01 5.503967895507812500e+02
-1.746813660201047114e+01 6.518017578125000000e+02
-1.646836005149569360e+01 8.435518188476562500e+02
-1.546858350098092316e+01 7.997648315429687500e+02
-1.446880695046614917e+01 7.691019287109375000e+02
-1.346903039995137519e+01 7.109494018554687500e+02
-1.246925384943660298e+01 8.102473754882812500e+02
-1.146947729892182899e+01 9.221965332031250000e+02
-1.046970074840705500e+01 8.145783081054687500e+02
-9.469924197892281015e+00 9.447462768554687500e+02
-8.470147647377507027e+00 1.016078125000000000e+03
-7.470371096862734817e+00 1.995953369140625000e+03
-6.470594546347960829e+00 1.212093750000000000e+03
-5.470817995833186842e+00 1.305508666992187500e+03
-4.471041445318413743e+00 1.186492675781250000e+03
-3.471264894803639756e+00 1.054433227539062500e+03
-2.471488344288866212e+00 1.050788085937500000e+03
-1.471711793774092669e+00 7.105398559570312500e+02
-4.719352432593190150e-01 1.074451660156250000e+03
5.278413072554545282e-01 1.142857666015625000e+03
1.527617857770228182e+00 1.065971557617187500e+03
2.527394408285001948e+00 9.696548461914062500e+02
3.527170958799775491e+00 9.184057617187500000e+02
4.526947509314548590e+00 8.175195312500000000e+02
5.526724059829322577e+00 8.756371459960937500e+02
6.526500610344096565e+00 8.665518798828125000e+02
7.526277160858869664e+00 1.084894409179687500e+03
8.526053711373641875e+00 8.167067871093750000e+02
9.525830261888417638e+00 7.258278198242187500e+02
1.052560681240319163e+01 6.949686279296875000e+02
1.152538336291796206e+01 8.387246093750000000e+02
1.252515991343273782e+01 6.117119750976562500e+02
1.352493646394751181e+01 6.434616088867187500e+02
1.452471301446228580e+01 6.413106689453125000e+02
1.552448956497705979e+01 6.615038452148437500e+02
1.652426611549183022e+01 6.391818847656250000e+02
1.752404266600660421e+01 7.538468017578125000e+02
1.852381921652137819e+01 6.345463867187500000e+02
1.952359576703615218e+01 4.459338073730468750e+02
2.052337231755092617e+01 5.886895141601562500e+02
2.152314886806570016e+01 5.294791870117187500e+02
2.252292541858047414e+01 4.658440856933593750e+02
2.352270196909524813e+01 4.914987792968750000e+02
2.452247851961002212e+01 5.772379150390625000e+02
2.552225507012479255e+01 6.211073608398437500e+02
2.652203162063956654e+01 5.678093872070312500e+02
2.752180817115434053e+01 4.440720214843750000e+02
2.852158472166911451e+01 4.934396667480468750e+02
2.952136127218388850e+01 4.398280029296875000e+02
3.052113782269866249e+01 4.509782409667968750e+02
3.152091437321343648e+01 4.222612915039062500e+02
3.252069092372821046e+01 4.414093933105468750e+02
3.352046747424298445e+01 5.257930297851562500e+02
3.452024402475775133e+01 4.192741394042968750e+02
3.552002057527253243e+01 9.747216796875000000e+02
3.651979712578730641e+01 6.389697265625000000e+02
3.751957367630208040e+01 5.171739501953125000e+02
3.851935022681685439e+01 3.551314392089843750e+02
3.951912677733162838e+01 5.464930419921875000e+02
4.051890332784640236e+01 4.961759338378906250e+02
4.151867987836116924e+01 4.013467407226562500e+02
4.251845642887595034e+01 4.523923339843750000e+02
4.351823297939071722e+01 3.422740783691406250e+02
4.451800952990551252e+01 4.260144348144531250e+02
4.551778608042029362e+01 4.523186035156250000e+02
4.651756263093506050e+01 4.636537780761718750e+02
4.751733918144984159e+01 3.555561218261718750e+02
4.851711573196460847e+01 3.203540954589843750e+02
4.951689228247938956e+01 3.322510681152343750e+02
5.051666883299415645e+01 3.414418334960937500e+02
5.151644538350890912e+01 4.191517028808593750e+02
5.251622193402370442e+01 3.868297119140625000e+02
5.351599848453844999e+01 3.370700073242187500e+02
5.451577503505325950e+01 3.973711242675781250e+02
5.551555158556799796e+01 3.623115844726562500e+02
5.651532813608280748e+01 4.091109924316406250e+02
5.751510468659754594e+01 3.978145751953125000e+02
5.851488123711234124e+01 4.361336669921875000e+02
5.951465778762709391e+01 5.013157043457031250e+02
6.051443433814188921e+01 5.695639648437500000e+02
6.151421088865664188e+01 6.399989624023437500e+02
6.251398743917143719e+01 5.190029907226562500e+02
6.351376398968618986e+01 3.902008361816406250e+02
6.451354054020099227e+01 3.655364379882812500e+02
6.551331709071574494e+01 4.882727966308593750e+02
6.651309364123054024e+01 5.139335937500000000e+02
6.751287019174529291e+01 4.074912414550781250e+02
6.851264674226008822e+01 5.056439514160156250e+02
6.951242329277484089e+01 5.447025146484375000e+02
7.051219984328963619e+01 4.383251037597656250e+02
7.151197639380437465e+01 6.209506835937500000e+02
7.251175294431918417e+01 5.918975219726562500e+02
7.351152949483392263e+01 6.433524780273437500e+02
7.451130604534873214e+01 7.883269653320312500e+02
7.551108259586347060e+01 5.486658325195312500e+02
7.651085914637826590e+01 4.172123413085937500e+02
7.751063569689307542e+01 5.227957153320312500e+02
7.851041224740781388e+01 6.326651000976562500e+02
7.951018879792262339e+01 4.803777160644531250e+02
8.050996534843736185e+01 5.852734375000000000e+02
8.150974189895215716e+01 6.305393676757812500e+02
8.250951844946692404e+01 4.821772460937500000e+02
8.350929499998171934e+01 4.393725585937500000e+02
8.450907155049645780e+01 4.992401123046875000e+02
8.550884810101125311e+01 5.295327148437500000e+02
8.650862465152600578e+01 6.041774902343750000e+02
8.750840120204081529e+01 8.755894165039062500e+02
8.850817775255555375e+01 1.037207519531250000e+03
8.950795430307034906e+01 5.990808715820312500e+02
9.050773085358510173e+01 6.525610351562500000e+02
9.150750740409989703e+01 5.468439941406250000e+02
9.250728395461464970e+01 5.289708251953125000e+02
9.350706050512945922e+01 4.995704956054687500e+02
9.450683705564419768e+01 1.040843139648437500e+03
9.550661360615899298e+01 9.447219848632812500e+02
9.650639015667374565e+01 5.883879394531250000e+02
9.750616670718855516e+01 6.293032836914062500e+02
9.850594325770329363e+01 8.658912353515625000e+02
9.950571980821808893e+01 4.701896362304687500e+02
1.005054963587328274e+02 4.715469055175781250e+02
1.015052729092476511e+02 5.611879272460937500e+02
1.025050494597623896e+02 5.460669555664062500e+02
1.035048260102771849e+02 4.253085632324218750e+02
1.045046025607919233e+02 3.678049316406250000e+02
1.055043791113067186e+02 3.214821777343750000e+02
1.065041556618214855e+02 3.931856079101562500e+02
1.075039322123362808e+02 4.543565063476562500e+02
1.085037087628510193e+02 4.206561279296875000e+02
1.095034853133658146e+02 4.232916259765625000e+02
1.105032618638805815e+02 4.698156738281250000e+02
1.115030384143953768e+02 3.874535522460937500e+02
1.125028149649101152e+02 4.227536010742187500e+02
1.135025915154249105e+02 3.972821350097656250e+02
1.145023680659396632e+02 4.634028015136718750e+02
1.155021446164544727e+02 3.591168823242187500e+02
1.165019211669692112e+02 4.213620605468750000e+02
1.175016977174840207e+02 4.698540649414062500e+02
1.185014742679987592e+02 2.942975463867187500e+02
1.195012508185135545e+02 4.215304565429687500e+02
1.205010273690283071e+02 4.083511352539062500e+02
1.215008039195431166e+02 3.776895141601562500e+02
1.225005804700578551e+02 3.541201477050781250e+02
1.235003570205726504e+02 3.893606872558593750e+02
1.245001335710874173e+02 4.839305725097656250e+02
1.254999101216022126e+02 5.875480957031250000e+02
1.264996866721169511e+02 3.903117980957031250e+02
1.274994632226317464e+02 4.020091552734375000e+02
1.284992397731465132e+02 3.003579406738281250e+02
1.294990163236612943e+02 2.972353515625000000e+02
1.304987928741760470e+02 4.260112915039062500e+02
1.314985694246908565e+02 4.110236816406250000e+02
1.324983459752055808e+02 3.359862365722656250e+02
1.334981225257203903e+02 4.850768432617187500e+02
1.344978990762351430e+02 4.462989501953125000e+02
1.354976756267499525e+02 4.786665344238281250e+02
1.364974521772646767e+02 4.976860351562500000e+02
1.374972287277794862e+02 5.834031982421875000e+02
1.384970052782942389e+02 4.009352722167968750e+02
1.394967818288090484e+02 4.000568237304687500e+02
1.404965583793237727e+02 5.343920898437500000e+02
1.414963349298385822e+02 4.498601074218750000e+02
1.424961114803533633e+02 5.107323913574218750e+02
1.434958880308681444e+02 4.285213012695312500e+02
1.444956645813829255e+02 6.765250854492187500e+02
1.454954411318976781e+02 4.965061950683593750e+02
1.464952176824124592e+02 5.012468566894531250e+02
1.474949942329272403e+02 5.516596679687500000e+02
1.484947707834420214e+02 5.169657592773437500e+02
1.494945473339567741e+02 5.505782470703125000e+02
1.504943238844715552e+02 6.257167968750000000e+02
1.514941004349863363e+02 9.528646240234375000e+02
1.524938769855011174e+02 1.205696533203125000e+03
1.534936535360158700e+02 5.345630493164062500e+02
1.544934300865306511e+02 5.037401428222656250e+02
1.554932066370454038e+02 5.021196899414062500e+02
1.564929831875602133e+02 5.959871215820312500e+02
1.574927597380749660e+02 1.257337158203125000e+03
1.584925362885897471e+02 9.556101684570312500e+02
1.594923128391044997e+02 8.085079956054687500e+02
1.604920893896193093e+02 6.245778198242187500e+02
1.614918659401340619e+02 7.751567382812500000e+02
1.624916424906488430e+02 6.628803100585937500e+02
1.634914190411635957e+02 6.929641723632812500e+02
1.644911955916784052e+02 9.389509887695312500e+02
1.654909721421931579e+02 7.833584594726562500e+02
1.664907486927079390e+02 9.509104614257812500e+02
1.674905252432227201e+02 8.662206420898437500e+02
1.684903017937375012e+02 7.568673706054687500e+02
1.694900783442522254e+02 1.063659912109375000e+03
1.704898548947670349e+02 1.192094482421875000e+03
1.714896314452817876e+02 1.120425415039062500e+03
1.724894079957965687e+02 9.846249389648437500e+02
1.734891845463113498e+02 9.812290649414062500e+02
1.744889610968261309e+02 1.019060119628906250e+03
1.754887376473408835e+02 9.569384765625000000e+02
1.764885141978556931e+02 9.671654052734375000e+02
1.774882907483704173e+02 9.859584960937500000e+02
1.784880672988852552e+02 1.040143920898437500e+03
1.794878438494000079e+02 9.252187500000000000e+02
