-1.794290748167481127e+02 -6.054938125610351562e+01 -6.054938125610351562e+01 -6.054938125610351562e+01 -6.054938125610351562e+01 -6.054938125610351562e+01 -6.054938125610351562e+01 -6.054938125610351562e+01
-1.784292823670679411e+02 1.898232226562500000e+04 1.473749218750000000e+04 8.497137695312500000e+03 8.077469726562500000e+03 7.747883300781250000e+03 7.735586425781250000e+03 7.706963867187500000e+03
-1.774294899173877127e+02 5.198222656250000000e+04 4.103320703125000000e+04 2.400674414062500000e+04 2.047332812500000000e+04 1.999850976562500000e+04 1.959677929687500000e+04 1.931482421875000000e+04
-1.764296974677075411e+02 4.844635156250000000e+04 3.818240625000000000e+04 2.155538671875000000e+04 1.810233398437500000e+04 1.776580664062500000e+04 1.786041406250000000e+04 1.721776367187500000e+04
-1.754299050180273980e+02 4.888575390625000000e+04 3.822119921875000000e+04 2.129948632812500000e+04 1.801784765625000000e+04 1.687569140625000000e+04 1.651909570312500000e+04 1.646133789062500000e+04
-1.744301125683471696e+02 4.752776171875000000e+04 3.655799609375000000e+04 2.042760351562500000e+04 1.674448437500000000e+04 1.619815429687500000e+04 1.614505957031250000e+04 1.599284960937500000e+04
-1.734303201186669980e+02 5.383034765625000000e+04 4.187384765625000000e+04 2.362009179687500000e+04 1.977971289062500000e+04 1.860934375000000000e+04 1.855882617187500000e+04 1.807538281250000000e+04
-1.724305276689868549e+02 4.770841406250000000e+04 3.784666796875000000e+04 2.496263476562500000e+04 2.155141796875000000e+04 2.017402929687500000e+04 1.985475000000000000e+04 2.014396289062500000e+04
-1.714307352193066265e+02 4.885217187500000000e+04 3.782560937500000000e+04 2.296112500000000000e+04 1.877840820312500000e+04 1.833213867187500000e+04 1.799827539062500000e+04 1.773649414062500000e+04
-1.704309427696264549e+02 4.822242968750000000e+04 4.063488281250000000e+04 2.321026953125000000e+04 1.924417773437500000e+04 1.839605664062500000e+04 1.844672265625000000e+04 1.853268750000000000e+04
-1.694311503199463118e+02 5.065401562500000000e+04 3.808065625000000000e+04 2.230093750000000000e+04 1.798860742187500000e+04 1.743204101562500000e+04 1.761298828125000000e+04 1.693200585937500000e+04
-1.684313578702660834e+02 5.289080078125000000e+04 4.734145703125000000e+04 2.851616406250000000e+04 2.318663085937500000e+04 2.302408789062500000e+04 2.276976367187500000e+04 2.290747460937500000e+04
-1.674315654205859119e+02 4.985651562500000000e+04 4.030000781250000000e+04 2.299278515625000000e+04 1.809966210937500000e+04 1.708039062500000000e+04 1.686938476562500000e+04 1.623234863281250000e+04
-1.664317729709057119e+02 4.846917187500000000e+04 3.769408984375000000e+04 2.078851757812500000e+04 1.747965234375000000e+04 1.672619921875000000e+04 1.652815429687500000e+04 1.630516796875000000e+04
-1.654319805212255403e+02 5.193971484375000000e+04 4.134782031250000000e+04 2.264068750000000000e+04 1.877164062500000000e+04 1.785661328125000000e+04 1.779921679687500000e+04 1.704108203125000000e+04
-1.644321880715453403e+02 5.185375390625000000e+04 4.184414062500000000e+04 2.414488085937500000e+04 2.272123046875000000e+04 2.097616601562500000e+04 2.081578906250000000e+04 2.048083984375000000e+04
-1.634323956218651688e+02 5.633895312500000000e+04 4.426939843750000000e+04 2.359847070312500000e+04 2.021640429687500000e+04 1.881012890625000000e+04 1.875733203125000000e+04 1.851282617187500000e+04
-1.624326031721849972e+02 5.125045703125000000e+04 3.844650390625000000e+04 2.364155273437500000e+04 1.945622070312500000e+04 1.849163867187500000e+04 1.794585156250000000e+04 1.797136132812500000e+04
-1.614328107225048257e+02 5.385314062500000000e+04 4.306829687500000000e+04 2.539238671875000000e+04 2.147256054687500000e+04 1.982373828125000000e+04 1.956941210937500000e+04 1.867830273437500000e+04
-1.604330182728246541e+02 5.091472656250000000e+04 4.137816796875000000e+04 2.291430859375000000e+04 1.867621093750000000e+04 1.779575585937500000e+04 1.774054296875000000e+04 1.714055273437500000e+04
-1.594332258231444541e+02 4.833684765625000000e+04 3.742032812500000000e+04 2.086330078125000000e+04 1.767993750000000000e+04 1.677950390625000000e+04 1.682645312500000000e+04 1.701898242187500000e+04
-1.584334333734642826e+02 5.349412109375000000e+04 4.237302734375000000e+04 2.232790429687500000e+04 1.880533203125000000e+04 1.809178515625000000e+04 1.780560351562500000e+04 1.764465234375000000e+04
-1.574336409237840826e+02 4.971152734375000000e+04 3.873073046875000000e+04 2.250024609375000000e+04 1.831349414062500000e+04 1.834685546875000000e+04 1.888710937500000000e+04 1.852078515625000000e+04
-1.564338484741039110e+02 4.431479296875000000e+04 3.303526953125000000e+04 1.928062890625000000e+04 1.699812109375000000e+04 1.598760839843750000e+04 1.609784863281250000e+04 1.586651757812500000e+04
-1.554340560244237111e+02 5.183986328125000000e+04 3.784195312500000000e+04 2.130647460937500000e+04 1.759253125000000000e+04 1.714315234375000000e+04 1.692862304687500000e+04 1.719026953125000000e+04
-1.544342635747435395e+02 5.093285937500000000e+04 3.911073828125000000e+04 2.314196484375000000e+04 1.885772070312500000e+04 1.860794726562500000e+04 1.836935156250000000e+04 1.853383789062500000e+04
-1.534344711250633679e+02 4.773485156250000000e+04 3.655874609375000000e+04 2.043569531250000000e+04 1.736615820312500000e+04 1.701858984375000000e+04 1.712027929687500000e+04 1.640425976562500000e+04
-1.524346786753831680e+02 4.645464843750000000e+04 3.556680468750000000e+04 2.085670312500000000e+04 1.639212500000000000e+04 1.556022656250000000e+04 1.582892382812500000e+04 1.539845703125000000e+04
-1.514348862257029680e+02 4.856202734375000000e+04 3.971279296875000000e+04 2.134632226562500000e+04 1.786170117187500000e+04 1.671383789062500000e+04 1.693980859375000000e+04 1.657143750000000000e+04
-1.504350937760227964e+02 5.013891796875000000e+04 5.006611718750000000e+04 2.170616992187500000e+04 1.681669726562500000e+04 1.604021972656250000e+04 1.601273339843750000e+04 1.556595312500000000e+04
-1.494353013263425964e+02 5.106737500000000000e+04 4.247086328125000000e+04 2.345341992187500000e+04 1.908849218750000000e+04 1.812808789062500000e+04 1.770459179687500000e+04 1.779672070312500000e+04
-1.484355088766624533e+02 5.264991406250000000e+04 4.056855859375000000e+04 2.116582812500000000e+04 1.741474023437500000e+04 1.694339257812500000e+04 1.695397265625000000e+04 1.675522851562500000e+04
-1.474357164269822533e+02 5.362189843750000000e+04 3.939087109375000000e+04 2.185172656250000000e+04 1.828022460937500000e+04 1.785180468750000000e+04 1.753002148437500000e+04 1.767606640625000000e+04
-1.464359239773020818e+02 5.428091406250000000e+04 4.159812500000000000e+04 2.333655078125000000e+04 1.981360742187500000e+04 1.862893750000000000e+04 1.841037500000000000e+04 1.802235351562500000e+04
-1.454361315276218818e+02 5.264244140625000000e+04 3.963189453125000000e+04 2.165083007812500000e+04 1.833536132812500000e+04 1.703881054687500000e+04 1.666488671875000000e+04 1.637597558593750000e+04
-1.444363390779417102e+02 5.340484765625000000e+04 3.942671875000000000e+04 2.153130078125000000e+04 1.859071484375000000e+04 1.818892968750000000e+04 1.762671289062500000e+04 1.743608789062500000e+04
-1.434365466282615103e+02 4.774760937500000000e+04 3.639346875000000000e+04 1.979013476562500000e+04 1.699134179687500000e+04 1.615381738281250000e+04 1.608194726562500000e+04 1.594081445312500000e+04
-1.424367541785813387e+02 4.603248437500000000e+04 3.599130859375000000e+04 2.042223046875000000e+04 1.777497460937500000e+04 1.706484375000000000e+04 1.680120507812500000e+04 1.617234960937500000e+04
-1.414369617289011671e+02 5.884682421875000000e+04 4.404263281250000000e+04 2.289651953125000000e+04 1.996164257812500000e+04 1.805800585937500000e+04 1.769638867187500000e+04 1.739960546875000000e+04
-1.404371692792209672e+02 5.443885546875000000e+04 4.154897265625000000e+04 2.187612890625000000e+04 3.851228515625000000e+04 2.110736328125000000e+04 1.976079101562500000e+04 1.859329687500000000e+04
-1.394373768295407956e+02 6.189054687500000000e+04 4.639394921875000000e+04 2.471808984375000000e+04 2.149657812500000000e+04 2.021619140625000000e+04 1.992600781250000000e+04 1.911856445312500000e+04
-1.384375843798606240e+02 6.026196093750000000e+04 4.563738281250000000e+04 2.501124414062500000e+04 2.029202343750000000e+04 1.975391210937500000e+04 1.951598828125000000e+04 1.878701171875000000e+04
-1.374377919301804241e+02 5.959150390625000000e+04 4.496000781250000000e+04 2.545153125000000000e+04 2.102495507812500000e+04 2.023471679687500000e+04 2.025440625000000000e+04 1.956265039062500000e+04
-1.364379994805002525e+02 6.017522656250000000e+04 4.515117578125000000e+04 2.381607031250000000e+04 1.983546289062500000e+04 1.860085937500000000e+04 1.846797265625000000e+04 1.802740234375000000e+04
-1.354382070308200809e+02 6.059357421875000000e+04 4.703398828125000000e+04 2.508833593750000000e+04 2.241507031250000000e+04 2.058662109375000000e+04 1.988776367187500000e+04 1.991335156250000000e+04
-1.344384145811398810e+02 6.153906250000000000e+04 4.675124218750000000e+04 2.479150976562500000e+04 2.058846289062500000e+04 2.020098242187500000e+04 1.998315625000000000e+04 1.938599414062500000e+04
-1.334386221314597094e+02 6.250972265625000000e+04 4.650684375000000000e+04 2.582949023437500000e+04 2.132469531250000000e+04 2.024737109375000000e+04 2.015965039062500000e+04 1.966308398437500000e+04
-1.324388296817795094e+02 6.309925390625000000e+04 4.849316406250000000e+04 2.674955078125000000e+04 2.177922070312500000e+04 2.180314648437500000e+04 2.179789843750000000e+04 2.138395507812500000e+04
-1.314390372320993094e+02 6.214041406250000000e+04 4.777085156250000000e+04 2.458655859375000000e+04 1.992911914062500000e+04 1.885184375000000000e+04 1.910717187500000000e+04 1.863361328125000000e+04
-1.304392447824191379e+02 4.521341406250000000e+04 3.553201953125000000e+04 1.843814257812500000e+04 1.556083496093750000e+04 1.417996484375000000e+04 1.413848730468750000e+04 1.351519531250000000e+04
-1.294394523327389379e+02 7.380706787109375000e+02 8.225582275390625000e+02 5.761677856445312500e+02 4.198226623535156250e+02 3.890491943359375000e+02 4.389689941406250000e+02 3.872702636718750000e+02
-1.284396598830587664e+02 -6.031906890869140625e+01 -6.031906890869140625e+01 -6.031906890869140625e+01 -6.031906890869140625e+01 -6.031906890869140625e+01 -6.031906890869140625e+01 -6.031906890869140625e+01
-1.274398674333785948e+02 -6.031428527832031250e+01 -6.031428527832031250e+01 -6.031428527832031250e+01 -6.031428527832031250e+01 -6.031428527832031250e+01 -6.031428527832031250e+01 -6.031428527832031250e+01
-1.264400749836984090e+02 -5.950492095947265625e+01 -5.928828430175781250e+01 -5.940433883666992188e+01 -5.945849609375000000e+01 -5.943528747558593750e+01 -5.920317840576171875e+01 -5.923412704467773438e+01
-1.254402825340182375e+02 1.413492797851562500e+03 1.382843994140625000e+03 1.413415771484375000e+03 1.536680053710937500e+03 1.365629272460937500e+03 1.634391113281250000e+03 1.455745361328125000e+03
-1.244404900843380517e+02 2.615347460937500000e+04 1.736243359375000000e+04 8.922716796875000000e+03 7.413927246093750000e+03 7.060107910156250000e+03 7.725248046875000000e+03 7.353051269531250000e+03
-1.234406976346578801e+02 8.173546875000000000e+04 6.188780078125000000e+04 3.272916015625000000e+04 2.563578320312500000e+04 2.368049023437500000e+04 2.405112695312500000e+04 2.332342773437500000e+04
-1.224409051849776944e+02 8.930409375000000000e+04 6.747135156250000000e+04 3.547992968750000000e+04 2.990861328125000000e+04 2.791268359375000000e+04 2.847395703125000000e+04 2.694489843750000000e+04
-1.214411127352975086e+02 9.311425000000000000e+04 7.092989843750000000e+04 3.860000000000000000e+04 3.059041406250000000e+04 2.857987500000000000e+04 2.818740820312500000e+04 2.748103515625000000e+04
-1.204413202856173086e+02 8.479470312500000000e+04 6.593927343750000000e+04 3.475496093750000000e+04 2.827911523437500000e+04 2.647226757812500000e+04 2.641580273437500000e+04 2.534382812500000000e+04
-1.194415278359371229e+02 9.250400781250000000e+04 6.882925000000000000e+04 3.588951953125000000e+04 2.872134375000000000e+04 2.670723632812500000e+04 2.671515625000000000e+04 2.583048242187500000e+04
-1.184417353862569371e+02 9.118933593750000000e+04 6.966125781250000000e+04 3.816289843750000000e+04 3.063060351562500000e+04 2.835522265625000000e+04 2.783392578125000000e+04 2.736004687500000000e+04
-1.174419429365767940e+02 8.673426562500000000e+04 6.658194531250000000e+04 3.754396093750000000e+04 2.927016406250000000e+04 2.776013671875000000e+04 2.692121093750000000e+04 2.629082031250000000e+04
-1.164421504868966082e+02 9.305556250000000000e+04 7.019228125000000000e+04 3.826048046875000000e+04 3.168500390625000000e+04 2.991631054687500000e+04 2.923564843750000000e+04 2.889409765625000000e+04
-1.154423580372164082e+02 9.230540625000000000e+04 6.817462500000000000e+04 3.754328125000000000e+04 3.124624609375000000e+04 3.030436914062500000e+04 2.908205664062500000e+04 2.854377343750000000e+04
-1.144425655875362082e+02 8.873881250000000000e+04 6.666936718750000000e+04 3.611185937500000000e+04 2.982714062500000000e+04 2.807567382812500000e+04 2.716657421875000000e+04 2.710928125000000000e+04
-1.134427731378560367e+02 9.155495312500000000e+04 6.781239062500000000e+04 3.645984765625000000e+04 2.934244921875000000e+04 2.719068164062500000e+04 2.589520898437500000e+04 2.559074414062500000e+04
-1.124429806881758509e+02 8.723994531250000000e+04 6.512549609375000000e+04 3.639769531250000000e+04 2.926995117187500000e+04 2.782269921875000000e+04 2.707711914062500000e+04 2.605670898437500000e+04
-1.114431882384956793e+02 9.031868750000000000e+04 6.572944531250000000e+04 3.647571093750000000e+04 2.922339648437500000e+04 2.754301171875000000e+04 2.660436328125000000e+04 2.598569726562500000e+04
-1.104433957888154936e+02 8.403282031250000000e+04 6.143655078125000000e+04 3.334469140625000000e+04 2.720618164062500000e+04 2.581372265625000000e+04 2.544681640625000000e+04 2.463565625000000000e+04
-1.094436033391353078e+02 7.986589062500000000e+04 5.964657421875000000e+04 3.199725000000000000e+04 3.006866015625000000e+04 2.880581054687500000e+04 2.780615625000000000e+04 2.627548242187500000e+04
-1.084438108894551220e+02 8.816988281250000000e+04 6.621132031250000000e+04 3.667754687500000000e+04 2.948015429687500000e+04 2.828874218750000000e+04 2.784057031250000000e+04 2.751640039062500000e+04
-1.074440184397749363e+02 8.496090625000000000e+04 6.410278515625000000e+04 3.561081640625000000e+04 2.884767968750000000e+04 2.736181250000000000e+04 2.657233203125000000e+04 2.584231250000000000e+04
-1.064442259900947647e+02 8.351177343750000000e+04 6.325803125000000000e+04 3.472623046875000000e+04 2.831355468750000000e+04 2.770612695312500000e+04 2.710753515625000000e+04 2.619244726562500000e+04
-1.054444335404145789e+02 8.340270312500000000e+04 6.221784375000000000e+04 3.393173046875000000e+04 2.862364843750000000e+04 2.747538867187500000e+04 2.686692773437500000e+04 2.587034960937500000e+04
-1.044446410907343932e+02 8.154148437500000000e+04 6.064305078125000000e+04 3.356275390625000000e+04 2.851116796875000000e+04 2.733318945312500000e+04 2.732944726562500000e+04 2.662892968750000000e+04
-1.034448486410542074e+02 7.858928125000000000e+04 5.878398828125000000e+04 3.287849218750000000e+04 2.614080273437500000e+04 2.507751953125000000e+04 2.389116601562500000e+04 2.383203515625000000e+04
-1.024450561913740216e+02 8.046380468750000000e+04 6.001588281250000000e+04 3.288271093750000000e+04 2.631538671875000000e+04 2.525152343750000000e+04 2.475091992187500000e+04 2.387291406250000000e+04
-1.014452637416938217e+02 8.332754687500000000e+04 6.018898046875000000e+04 3.167085937500000000e+04 2.513790039062500000e+04 2.424177539062500000e+04 2.381204687500000000e+04 2.366146289062500000e+04
-1.004454712920136643e+02 7.645371875000000000e+04 5.584225781250000000e+04 3.046528320312500000e+04 2.404804492187500000e+04 2.312918554687500000e+04 2.288051171875000000e+04 2.245531054687500000e+04
-9.944567884233346433e+01 7.660318750000000000e+04 5.800197656250000000e+04 3.241803320312500000e+04 2.627431445312500000e+04 2.473179101562500000e+04 2.491671875000000000e+04 2.380925390625000000e+04
-9.844588639265330698e+01 7.710195312500000000e+04 5.738050781250000000e+04 3.085323242187500000e+04 2.607857812500000000e+04 2.589543554687500000e+04 2.610124023437500000e+04 2.502472851562500000e+04
-9.744609394297310700e+01 7.517001562500000000e+04 5.420869921875000000e+04 2.994900976562500000e+04 2.547694726562500000e+04 2.451308398437500000e+04 2.434027929687500000e+04 2.338634765625000000e+04
-9.644630149329292124e+01 6.515571875000000000e+04 4.949441796875000000e+04 2.680499609375000000e+04 2.301391210937500000e+04 2.216072656250000000e+04 2.219161914062500000e+04 2.064297656250000000e+04
-9.544650904361273547e+01 6.723266406250000000e+04 5.126341796875000000e+04 2.805871289062500000e+04 2.265317773437500000e+04 2.176453515625000000e+04 2.186756640625000000e+04 2.063670507812500000e+04
-9.444671659393256391e+01 7.131024218750000000e+04 5.395512109375000000e+04 2.999348046875000000e+04 2.420262304687500000e+04 2.288200976562500000e+04 2.290033007812500000e+04 2.217624414062500000e+04
-9.344692414425237814e+01 7.324982812500000000e+04 5.563221093750000000e+04 3.183581054687500000e+04 2.548351171875000000e+04 2.463728125000000000e+04 2.420674218750000000e+04 2.340697070312500000e+04
-9.244713169457219237e+01 7.427578906250000000e+04 5.599541406250000000e+04 3.212844335937500000e+04 2.673125781250000000e+04 2.557202539062500000e+04 2.511568554687500000e+04 2.447077929687500000e+04
-9.144733924489200660e+01 7.177157812500000000e+04 5.504049609375000000e+04 3.025017773437500000e+04 2.562284570312500000e+04 2.517983984375000000e+04 2.408513867187500000e+04 2.317862695312500000e+04
-9.044754679521182084e+01 7.442053125000000000e+04 5.537731250000000000e+04 3.117765625000000000e+04 2.513587695312500000e+04 2.402259375000000000e+04 2.309540429687500000e+04 2.298452929687500000e+04
-8.944775434553163507e+01 7.516521875000000000e+04 5.587996093750000000e+04 3.053119335937500000e+04 2.577724218750000000e+04 2.470697656250000000e+04 2.446152539062500000e+04 2.406086132812500000e+04
-8.844796189585146351e+01 6.976469531250000000e+04 5.141824609375000000e+04 2.795400000000000000e+04 2.369794726562500000e+04 2.319487695312500000e+04 2.272585156250000000e+04 2.198689257812500000e+04
-8.744816944617127774e+01 7.281374218750000000e+04 5.355787500000000000e+04 2.826102343750000000e+04 2.369588476562500000e+04 2.321023046875000000e+04 2.186839453125000000e+04 2.183435156250000000e+04
-8.644837699649109197e+01 7.103707812500000000e+04 5.362209765625000000e+04 2.976238867187500000e+04 2.444395507812500000e+04 2.367300390625000000e+04 2.312057421875000000e+04 2.265228125000000000e+04
-8.544858454681092041e+01 7.790294531250000000e+04 5.710726953125000000e+04 3.094175585937500000e+04 2.649624414062500000e+04 2.560877148437500000e+04 2.544799804687500000e+04 2.471769726562500000e+04
-8.444879209713073465e+01 7.310962500000000000e+04 5.475787890625000000e+04 3.054808398437500000e+04 2.515468359375000000e+04 2.412912890625000000e+04 2.392493750000000000e+04 2.363740039062500000e+04
-8.344899964745054888e+01 6.651527343750000000e+04 5.029346093750000000e+04 3.070783789062500000e+04 2.363873632812500000e+04 2.330834765625000000e+04 2.267278906250000000e+04 2.232033984375000000e+04
-8.244920719777037732e+01 7.424399218750000000e+04 5.541072265625000000e+04 3.196410351562500000e+04 2.668443359375000000e+04 2.544661523437500000e+04 2.560780859375000000e+04 2.521968554687500000e+04
-8.144941474809019155e+01 8.096566406250000000e+04 6.060621093750000000e+04 3.164789843750000000e+04 2.664414843750000000e+04 2.577776757812500000e+04 2.593491992187500000e+04 2.544686328125000000e+04
-8.044962229841000578e+01 7.952332031250000000e+04 6.043089453125000000e+04 3.231687890625000000e+04 2.628588085937500000e+04 2.511438671875000000e+04 2.470427734375000000e+04 2.446015234375000000e+04
-7.944982984872982001e+01 7.805335156250000000e+04 5.796084765625000000e+04 3.076954101562500000e+04 2.490810742187500000e+04 2.400541015625000000e+04 2.315735546875000000e+04 2.286420507812500000e+04
-7.845003739904962003e+01 8.316540625000000000e+04 6.199180468750000000e+04 3.378423046875000000e+04 2.751604882812500000e+04 2.569563867187500000e+04 2.537686914062500000e+04 2.487330468750000000e+04
-7.745024494936946269e+01 7.999054687500000000e+04 5.909617968750000000e+04 3.127341015625000000e+04 2.594300976562500000e+04 2.504022851562500000e+04 2.452230859375000000e+04 2.407534375000000000e+04
-7.645045249968926271e+01 8.156292187500000000e+04 6.090483984375000000e+04 3.294026953125000000e+04 2.648502343750000000e+04 2.547140234375000000e+04 2.543774609375000000e+04 2.490595312500000000e+04
-7.545066005000907694e+01 8.130274218750000000e+04 6.029991406250000000e+04 3.498905859375000000e+04 2.612808007812500000e+04 2.517805859375000000e+04 2.459871875000000000e+04 2.428613867187500000e+04
-7.445086760032890538e+01 8.135864062500000000e+04 5.952247265625000000e+04 3.199744140625000000e+04 2.648132421875000000e+04 2.551470312500000000e+04 2.556939648437500000e+04 2.563000976562500000e+04
-7.345107515064871961e+01 8.393695312500000000e+04 6.150646875000000000e+04 3.300733984375000000e+04 2.793319140625000000e+04 2.653092968750000000e+04 2.567708984375000000e+04 2.510315234375000000e+04
-7.245128270096853385e+01 8.286496093750000000e+04 6.019357812500000000e+04 3.294378125000000000e+04 2.811126367187500000e+04 2.604420898437500000e+04 2.567303906250000000e+04 2.477858007812500000e+04
-7.145149025128836229e+01 8.440110156250000000e+04 6.317058203125000000e+04 4.078753906250000000e+04 2.821973632812500000e+04 2.706528515625000000e+04 2.614498242187500000e+04 2.597777148437500000e+04
-7.045169780160817652e+01 8.701048437500000000e+04 6.597655468750000000e+04 3.344722656250000000e+04 2.795803125000000000e+04 2.673604882812500000e+04 2.654034570312500000e+04 2.618233203125000000e+04
-6.945190535192799075e+01 7.192324218750000000e+04 5.463807421875000000e+04 2.833761132812500000e+04 2.305132031250000000e+04 2.286652148437500000e+04 2.211765039062500000e+04 2.159750976562500000e+04
-6.845211290224780498e+01 8.837514062500000000e+04 6.606539843750000000e+04 3.451448437500000000e+04 2.759634765625000000e+04 2.655843945312500000e+04 2.628077148437500000e+04 2.537966015625000000e+04
-6.745232045256761921e+01 8.571019531250000000e+04 6.218665234375000000e+04 3.352910937500000000e+04 2.692868750000000000e+04 2.618217187500000000e+04 2.586269726562500000e+04 2.563064062500000000e+04
-6.645252800288743344e+01 8.477685937500000000e+04 6.204204296875000000e+04 3.256919921875000000e+04 2.596896289062500000e+04 2.533377929687500000e+04 2.459342382812500000e+04 2.397863281250000000e+04
-6.545273555320726189e+01 9.139012500000000000e+04 6.576648437500000000e+04 3.444617968750000000e+04 2.812622656250000000e+04 2.727041015625000000e+04 2.676846093750000000e+04 2.587977343750000000e+04
-6.445294310352707612e+01 9.061730468750000000e+04 6.608706250000000000e+04 3.620392578125000000e+04 2.823056640625000000e+04 2.639463085937500000e+04 2.682084765625000000e+04 2.561824023437500000e+04
-6.345315065384689035e+01 8.874081250000000000e+04 6.488354296875000000e+04 3.414046484375000000e+04 2.818460937500000000e+04 2.735569921875000000e+04 2.737609960937500000e+04 2.630328710937500000e+04
-6.245335820416669748e+01 9.006997656250000000e+04 6.757961718750000000e+04 3.653814453125000000e+04 2.896452539062500000e+04 2.838647265625000000e+04 2.944715820312500000e+04 2.844277929687500000e+04
-6.145356575448651881e+01 8.524160937500000000e+04 6.303376171875000000e+04 3.431338281250000000e+04 2.766582617187500000e+04 2.616009765625000000e+04 2.741673046875000000e+04 2.627958789062500000e+04
-6.045377330480633304e+01 8.589109375000000000e+04 6.502851562500000000e+04 3.584048437500000000e+04 2.833803710937500000e+04 2.750480664062500000e+04 2.923892382812500000e+04 2.810715234375000000e+04
-5.945398085512614728e+01 8.605178125000000000e+04 6.337300781250000000e+04 3.525864843750000000e+04 2.927078125000000000e+04 2.818501953125000000e+04 3.077012890625000000e+04 2.900026953125000000e+04
-5.845418840544596861e+01 8.392400000000000000e+04 6.389003515625000000e+04 3.590603906250000000e+04 2.777674609375000000e+04 2.692081445312500000e+04 3.052528125000000000e+04 2.895039843750000000e+04
-5.745439595576578284e+01 8.402797656250000000e+04 6.237039062500000000e+04 3.940933593750000000e+04 3.004990429687500000e+04 2.811209765625000000e+04 3.190809375000000000e+04 3.087637695312500000e+04
-5.645460350608561839e+01 7.564989843750000000e+04 5.707958593750000000e+04 2.955603906250000000e+04 2.402193554687500000e+04 2.262861718750000000e+04 2.527960351562500000e+04 2.567833593750000000e+04
-5.545481105640543262e+01 1.785430859375000000e+04 1.328182031250000000e+04 6.794803222656250000e+03 6.259977539062500000e+03 5.496945800781250000e+03 6.726428710937500000e+03 7.098843750000000000e+03
-5.445501860672524685e+01 1.058571655273437500e+03 1.058734375000000000e+03 1.221173950195312500e+03 1.215670532226562500e+03 1.034666992187500000e+03 1.306402832031250000e+03 1.443464111328125000e+03
-5.345522615704506819e+01 -6.035087585449218750e+01 -6.035087585449218750e+01 -6.035087585449218750e+01 -6.035087585449218750e+01 -6.035087585449218750e+01 -6.035087585449218750e+01 -6.035087585449218750e+01
-5.245543370736488242e+01 -6.035655593872070312e+01 -6.035655593872070312e+01 -6.035655593872070312e+01 -6.035655593872070312e+01 -6.035655593872070312e+01 -6.035655593872070312e+01 -6.035655593872070312e+01
-5.145564125768469665e+01 -6.036231231689453125e+01 -6.036231231689453125e+01 -6.036231231689453125e+01 -6.036231231689453125e+01 -6.036231231689453125e+01 -6.036231231689453125e+01 -6.036231231689453125e+01
-5.045584880800450378e+01 1.826616821289062500e+03 2.047145507812500000e+03 1.127183227539062500e+03 1.018270507812500000e+03 9.721806640625000000e+02 9.388576660156250000e+02 9.562859497070312500e+02
-4.945605635832432512e+01 4.819389062500000000e+04 3.874366406250000000e+04 1.951027148437500000e+04 1.766959179687500000e+04 1.769534179687500000e+04 1.697650585937500000e+04 1.607407031250000000e+04
-4.845626390864413935e+01 6.091348828125000000e+04 4.505341406250000000e+04 2.495036132812500000e+04 2.126811328125000000e+04 2.076550585937500000e+04 2.037493554687500000e+04 2.059348437500000000e+04
-4.745647145896395358e+01 6.098465625000000000e+04 4.458808593750000000e+04 2.526973632812500000e+04 2.193767187500000000e+04 2.112666210937500000e+04 2.103560742187500000e+04 2.067054492187500000e+04
-4.645667900928376781e+01 5.922160546875000000e+04 4.484637500000000000e+04 2.582298437500000000e+04 2.067505273437500000e+04 2.019925390625000000e+04 1.973689062500000000e+04 1.992522265625000000e+04
-4.545688655960360336e+01 5.443917187500000000e+04 4.026351953125000000e+04 2.313704296875000000e+04 1.921131640625000000e+04 1.809400390625000000e+04 1.815476953125000000e+04 1.752405273437500000e+04
-4.445709410992342470e+01 6.653851562500000000e+04 5.008372656250000000e+04 2.592724804687500000e+04 2.090749023437500000e+04 1.987193750000000000e+04 1.949329882812500000e+04 1.957224218750000000e+04
-4.345730166024323893e+01 5.581329687500000000e+04 4.090266406250000000e+04 2.330392382812500000e+04 1.987969726562500000e+04 1.885855859375000000e+04 1.879007421875000000e+04 1.845190234375000000e+04
-4.245750921056305316e+01 5.715195703125000000e+04 4.294798046875000000e+04 2.243071289062500000e+04 1.959024414062500000e+04 1.901382421875000000e+04 1.921776171875000000e+04 1.902620898437500000e+04
-4.145771676088286739e+01 5.483491015625000000e+04 4.082412109375000000e+04 2.299973632812500000e+04 1.919997265625000000e+04 1.948934570312500000e+04 1.897918750000000000e+04 1.855072656250000000e+04
-4.045792431120268162e+01 5.733662500000000000e+04 4.463283203125000000e+04 2.418871289062500000e+04 2.037152539062500000e+04 2.009109375000000000e+04 2.060859570312500000e+04 1.999400390625000000e+04
-3.945813186152249585e+01 5.313238671875000000e+04 4.110253125000000000e+04 2.258855468750000000e+04 1.854777929687500000e+04 1.801082421875000000e+04 1.817115234375000000e+04 1.785976171875000000e+04
-3.845833941184231008e+01 4.975958593750000000e+04 3.921503906250000000e+04 2.280615234375000000e+04 1.848910546875000000e+04 1.825909375000000000e+04 1.863108789062500000e+04 1.804225195312500000e+04
-3.745854696216213142e+01 5.071389843750000000e+04 3.643861328125000000e+04 2.125999023437500000e+04 1.795447851562500000e+04 1.765860546875000000e+04 1.762997656250000000e+04 1.703449218750000000e+04
-3.645875451248193855e+01 3.892292968750000000e+04 2.933181054687500000e+04 1.623461425781250000e+04 1.336243164062500000e+04 1.339779199218750000e+04 1.323557812500000000e+04 1.261760253906250000e+04
-3.545896206280175988e+01 1.819246826171875000e+03 1.713938476562500000e+03 1.295280517578125000e+03 1.057355102539062500e+03 1.052128295898437500e+03 1.105444458007812500e+03 1.024665039062500000e+03
-3.445916961312157412e+01 3.981104980468750000e+03 3.148902343750000000e+03 2.877072998046875000e+03 2.626012451171875000e+03 3.165263183593750000e+03 3.327871337890625000e+03 3.090370605468750000e+03
-3.345937716344140966e+01 4.282117187500000000e+04 3.156406445312500000e+04 1.733158203125000000e+04 1.411968359375000000e+04 1.482547070312500000e+04 1.519553613281250000e+04 1.442331054687500000e+04
-3.245958471376123100e+01 5.405676953125000000e+04 4.184624218750000000e+04 2.399385546875000000e+04 1.922050390625000000e+04 1.985675000000000000e+04 1.942199609375000000e+04 1.828988281250000000e+04
-3.145979226408104168e+01 5.563832421875000000e+04 4.641176562500000000e+04 2.945070312500000000e+04 2.077531250000000000e+04 2.094841601562500000e+04 2.129390625000000000e+04 1.968293554687500000e+04
-3.045999981440085946e+01 5.224779687500000000e+04 3.903628515625000000e+04 2.194043945312500000e+04 1.882146679687500000e+04 1.950232617187500000e+04 1.910062109375000000e+04 1.842966796875000000e+04
-2.946020736472067014e+01 5.968762500000000000e+04 3.958379687500000000e+04 2.265419531250000000e+04 2.010872460937500000e+04 2.053867578125000000e+04 1.998374804687500000e+04 1.956385937500000000e+04
-2.846041491504048793e+01 5.677641406250000000e+04 4.271960937500000000e+04 2.398561718750000000e+04 1.940976562500000000e+04 2.009086132812500000e+04 1.955010742187500000e+04 1.934029687500000000e+04
-2.746062246536029861e+01 5.428386328125000000e+04 3.986225000000000000e+04 2.189094531250000000e+04 1.835128906250000000e+04 1.862124804687500000e+04 1.861790234375000000e+04 1.808158203125000000e+04
-2.646083001568011639e+01 5.087204687500000000e+04 3.960264843750000000e+04 2.413506250000000000e+04 2.238434179687500000e+04 2.103096875000000000e+04 2.076214257812500000e+04 2.017823632812500000e+04
-2.546103756599993062e+01 5.306787500000000000e+04 4.099146484375000000e+04 2.323817578125000000e+04 2.003349023437500000e+04 1.993141406250000000e+04 1.950907812500000000e+04 1.887160742187500000e+04
-2.446124511631974840e+01 5.477401953125000000e+04 4.297140625000000000e+04 2.486483789062500000e+04 2.030471289062500000e+04 1.960195312500000000e+04 1.906277539062500000e+04 1.869262695312500000e+04
-2.346145266663955908e+01 4.490116406250000000e+04 3.337782812500000000e+04 1.948802734375000000e+04 1.648013671875000000e+04 1.615329003906250000e+04 1.588231640625000000e+04 1.533611035156250000e+04
-2.246166021695937687e+01 5.280614843750000000e+04 4.255306640625000000e+04 2.114380273437500000e+04 1.718091601562500000e+04 1.700955468750000000e+04 1.676381640625000000e+04 1.629173535156250000e+04
-2.146186776727921597e+01 5.438726562500000000e+04 4.356567187500000000e+04 2.455171093750000000e+04 2.077636132812500000e+04 1.990159179687500000e+04 1.934166210937500000e+04 1.910945312500000000e+04
-2.046207531759903020e+01 4.930348828125000000e+04 3.908517968750000000e+04 2.087160351562500000e+04 1.688072460937500000e+04 1.667798828125000000e+04 1.630614062500000000e+04 1.635293066406250000e+04
-1.946228286791884798e+01 5.678166796875000000e+04 3.946794531250000000e+04 2.370416796875000000e+04 1.928730468750000000e+04 1.873719140625000000e+04 1.857400195312500000e+04 1.812961718750000000e+04
-1.846249041823866222e+01 5.383660937500000000e+04 3.914378125000000000e+04 2.217923242187500000e+04 1.914780078125000000e+04 1.850779492187500000e+04 1.783826757812500000e+04 1.743471289062500000e+04
-1.746269796855847645e+01 5.006010546875000000e+04 3.778708593750000000e+04 2.103078710937500000e+04 1.813630859375000000e+04 1.756392773437500000e+04 1.710175976562500000e+04 1.662164062500000000e+04
-1.646290551887829068e+01 5.235083593750000000e+04 4.004696484375000000e+04 2.187856835937500000e+04 1.902070898437500000e+04 1.845359570312500000e+04 1.814932226562500000e+04 1.803985351562500000e+04
-1.546311306919810669e+01 5.036737500000000000e+04 3.811873046875000000e+04 2.203641015625000000e+04 1.942377148437500000e+04 1.909391796875000000e+04 1.888266406250000000e+04 1.856557617187500000e+04
-1.446332061951792092e+01 5.333375000000000000e+04 4.202814843750000000e+04 2.333196289062500000e+04 2.027904101562500000e+04 1.872787304687500000e+04 1.836478320312500000e+04 1.901878125000000000e+04
-1.346352816983773515e+01 5.340903906250000000e+04 4.215796484375000000e+04 2.267479882812500000e+04 1.879048632812500000e+04 1.779095898437500000e+04 1.707170703125000000e+04 1.708994335937500000e+04
-1.246373572015755116e+01 5.240580078125000000e+04 4.006192578125000000e+04 2.285009570312500000e+04 1.947134179687500000e+04 1.913125781250000000e+04 1.853700976562500000e+04 1.781544335937500000e+04
-1.146394327047736539e+01 5.337016406250000000e+04 3.941340234375000000e+04 2.205922460937500000e+04 1.796535937500000000e+04 1.713275781250000000e+04 1.730914062500000000e+04 1.667353515625000000e+04
-1.046415082079720449e+01 5.329621875000000000e+04 4.039798437500000000e+04 2.324708593750000000e+04 2.011773437500000000e+04 1.907739062500000000e+04 1.914543359375000000e+04 1.896542578125000000e+04
-9.464358371117020496e+00 5.177782031250000000e+04 3.938923046875000000e+04 2.149986328125000000e+04 1.800760156250000000e+04 1.712733398437500000e+04 1.689813085937500000e+04 1.653566406250000000e+04
-8.464565921436834728e+00 4.911969921875000000e+04 3.770382812500000000e+04 2.392996093750000000e+04 1.990590234375000000e+04 1.769128515625000000e+04 1.680317382812500000e+04 1.585529003906250000e+04
-7.464773471756649847e+00 5.218075390625000000e+04 4.082698046875000000e+04 2.287490625000000000e+04 1.905383789062500000e+04 1.856331445312500000e+04 1.830740820312500000e+04 1.781120312500000000e+04
-6.464981022076464967e+00 5.388879296875000000e+04 4.143336328125000000e+04 2.604037890625000000e+04 2.353900195312500000e+04 2.242439453125000000e+04 2.211560546875000000e+04 2.197283593750000000e+04
-5.465188572396279199e+00 5.271921484375000000e+04 4.011364453125000000e+04 2.309853320312500000e+04 1.942296093750000000e+04 1.883753320312500000e+04 1.886358789062500000e+04 1.827634570312500000e+04
-4.465396122716095206e+00 5.399260937500000000e+04 4.156091796875000000e+04 2.355901367187500000e+04 1.963878906250000000e+04 1.841378125000000000e+04 1.840933789062500000e+04 1.838953320312500000e+04
-3.465603673035909882e+00 5.439482812500000000e+04 4.231138281250000000e+04 2.427828710937500000e+04 2.050916406250000000e+04 1.921399023437500000e+04 1.914512304687500000e+04 1.891065625000000000e+04
-2.465811223355724557e+00 4.974448046875000000e+04 3.820216796875000000e+04 2.211612695312500000e+04 1.828400390625000000e+04 1.764457812500000000e+04 1.749677734375000000e+04 1.726564062500000000e+04
-1.466018773675539677e+00 1.268967675781250000e+04 9.431096679687500000e+03 5.170824218750000000e+03 4.143837890625000000e+03 4.210553710937500000e+03 3.942509521484375000e+03 3.931171142578125000e+03
-4.662263239953545191e-01 -6.061841964721679688e+01 -6.061841964721679688e+01 -6.061841964721679688e+01 -6.061841964721679688e+01 -6.061841964721679688e+01 -6.061841964721679688e+01 -6.061841964721679688e+01
5.335661256848306389e-01 -6.062076950073242188e+01 -6.062076950073242188e+01 -6.062076950073242188e+01 -6.062076950073242188e+01 -6.062076950073242188e+01 -6.062076950073242188e+01 -6.062076950073242188e+01
1.533358575364990317e+00 6.083958984375000000e+03 4.667892578125000000e+03 2.771868408203125000e+03 2.310359130859375000e+03 2.292245849609375000e+03 2.180443359375000000e+03 2.211494140625000000e+03
2.533151025045175420e+00 5.710403515625000000e+04 4.487796484375000000e+04 2.539307617187500000e+04 2.076647070312500000e+04 1.979023242187500000e+04 1.962457421875000000e+04 1.919986132812500000e+04
3.532943474725360300e+00 5.745179687500000000e+04 4.405721875000000000e+04 2.458598632812500000e+04 1.975871289062500000e+04 1.870402343750000000e+04 1.847292187500000000e+04 1.882355664062500000e+04
4.532735924405545624e+00 5.406660156250000000e+04 4.166078515625000000e+04 2.378222656250000000e+04 1.919499609375000000e+04 1.899464257812500000e+04 1.821054492187500000e+04 1.779771679687500000e+04
5.532528374085730505e+00 5.611128515625000000e+04 4.422232812500000000e+04 2.536900000000000000e+04 2.173826367187500000e+04 2.114925390625000000e+04 2.024016601562500000e+04 1.992238671875000000e+04
6.532320823765916273e+00 5.913338671875000000e+04 4.692815234375000000e+04 2.772456445312500000e+04 2.554914062500000000e+04 2.391545703125000000e+04 2.307304296875000000e+04 2.237271679687500000e+04
7.532113273446101154e+00 5.579946093750000000e+04 4.242730078125000000e+04 2.498866796875000000e+04 2.003054882812500000e+04 1.955501562500000000e+04 1.915164843750000000e+04 1.877782421875000000e+04
8.531905723126286034e+00 5.802415625000000000e+04 4.550666796875000000e+04 2.741556835937500000e+04 2.350913085937500000e+04 2.164850390625000000e+04 2.194967578125000000e+04 2.165558007812500000e+04
9.531698172806471803e+00 5.895058203125000000e+04 4.630994921875000000e+04 2.629817382812500000e+04 2.005108593750000000e+04 1.918191796875000000e+04 1.861379101562500000e+04 1.849143359375000000e+04
1.053149062248665757e+01 5.790541406250000000e+04 4.662592968750000000e+04 2.642831054687500000e+04 2.180801171875000000e+04 2.071165429687500000e+04 2.068189843750000000e+04 1.947000000000000000e+04
1.153128307216683979e+01 5.330812109375000000e+04 4.182942578125000000e+04 2.435311132812500000e+04 1.955542382812500000e+04 1.928257031250000000e+04 1.885683789062500000e+04 1.838930664062500000e+04
1.253107552184702733e+01 5.468656250000000000e+04 4.215860156250000000e+04 2.420718750000000000e+04 2.056171679687500000e+04 1.987084765625000000e+04 1.950725390625000000e+04 1.924625781250000000e+04
1.353086797152718646e+01 5.600958593750000000e+04 4.431727343750000000e+04 2.457875585937500000e+04 2.110758398437500000e+04 2.040485156250000000e+04 1.991648046875000000e+04 1.955265625000000000e+04
1.453066042120737045e+01 5.306328125000000000e+04 4.150273046875000000e+04 2.398267187500000000e+04 1.983209179687500000e+04 1.974815234375000000e+04 1.940565820312500000e+04 1.913389648437500000e+04
1.553045287088755622e+01 6.115823046875000000e+04 4.667780468750000000e+04 2.567845898437500000e+04 2.107517382812500000e+04 2.086930664062500000e+04 1.997512890625000000e+04 2.015057031250000000e+04
1.653024532056774021e+01 5.160659765625000000e+04 4.100146093750000000e+04 2.529857617187500000e+04 2.129022851562500000e+04 1.994485156250000000e+04 1.987508789062500000e+04 1.944562304687500000e+04
1.753003777024792598e+01 5.321527734375000000e+04 4.155216796875000000e+04 2.499198828125000000e+04 2.087707421875000000e+04 1.942129492187500000e+04 1.973258203125000000e+04 1.949776562500000000e+04
1.852983021992811175e+01 5.356962500000000000e+04 4.108527343750000000e+04 2.391823046875000000e+04 2.043825585937500000e+04 1.986149414062500000e+04 1.917834375000000000e+04 1.898675781250000000e+04
1.952962266960829751e+01 5.367968359375000000e+04 3.952221484375000000e+04 2.593753515625000000e+04 1.940556640625000000e+04 1.856894921875000000e+04 1.866658789062500000e+04 1.795181445312500000e+04
2.052941511928848328e+01 5.360485156250000000e+04 4.145395312500000000e+04 2.536395507812500000e+04 2.020104296875000000e+04 1.941770117187500000e+04 1.877237109375000000e+04 1.857487695312500000e+04
2.152920756896866905e+01 5.300845312500000000e+04 4.184145312500000000e+04 2.508307812500000000e+04 2.072215039062500000e+04 2.043410742187500000e+04 1.993395703125000000e+04 1.932151367187500000e+04
2.252900001864885127e+01 5.478176562500000000e+04 4.446233984375000000e+04 2.829903906250000000e+04 2.131989648437500000e+04 2.111624414062500000e+04 2.058399218750000000e+04 1.993594140625000000e+04
2.352879246832904059e+01 4.495491015625000000e+04 3.587948046875000000e+04 2.275243554687500000e+04 1.929117968750000000e+04 1.945737304687500000e+04 1.892963476562500000e+04 1.865077148437500000e+04
2.452858491800919438e+01 5.364696484375000000e+04 4.160182812500000000e+04 2.571013867187500000e+04 2.087095312500000000e+04 2.034735156250000000e+04 2.008988476562500000e+04 1.974194335937500000e+04
2.552837736768938370e+01 5.373720312500000000e+04 4.203962500000000000e+04 2.230043554687500000e+04 1.865434960937500000e+04 1.777079492187500000e+04 1.738276953125000000e+04 1.700080859375000000e+04
2.652816981736956947e+01 5.499543750000000000e+04 4.760784765625000000e+04 2.410895703125000000e+04 2.028803320312500000e+04 1.969515234375000000e+04 1.904137695312500000e+04 1.867455859375000000e+04
2.752796226704975169e+01 5.372198046875000000e+04 4.046461718750000000e+04 2.509751367187500000e+04 2.657547265625000000e+04 1.977831445312500000e+04 1.952923242187500000e+04 1.921111718750000000e+04
2.852775471672993390e+01 5.524970312500000000e+04 4.211496875000000000e+04 2.308458203125000000e+04 1.963506640625000000e+04 1.960410156250000000e+04 1.925516015625000000e+04 1.943760546875000000e+04
2.952754716641012322e+01 5.316649218750000000e+04 4.139260937500000000e+04 2.428854687500000000e+04 2.114592773437500000e+04 2.026608789062500000e+04 1.972653515625000000e+04 1.966581640625000000e+04
3.052733961609030899e+01 5.392157031250000000e+04 4.289005078125000000e+04 2.396927539062500000e+04 2.002040625000000000e+04 1.953156640625000000e+04 1.915457812500000000e+04 1.923420312500000000e+04
3.152713206577049121e+01 5.455976953125000000e+04 4.339255859375000000e+04 2.369212695312500000e+04 2.094800781250000000e+04 2.047156445312500000e+04 2.013385937500000000e+04 2.024106835937500000e+04
3.252692451545067343e+01 5.605101562500000000e+04 4.358800000000000000e+04 2.359102734375000000e+04 1.931973632812500000e+04 1.882482031250000000e+04 1.823775195312500000e+04 1.801542968750000000e+04
3.352671696513086630e+01 4.746899218750000000e+04 3.264212304687500000e+04 1.749802734375000000e+04 1.476800195312500000e+04 1.402831347656250000e+04 1.299905859375000000e+04 1.333148535156250000e+04
3.452650941481105207e+01 9.787224609375000000e+03 6.298148925781250000e+03 3.917715576171875000e+03 3.680178222656250000e+03 3.720109863281250000e+03 3.509457275390625000e+03 3.622436035156250000e+03
3.552630186449123073e+01 7.615709838867187500e+02 1.008715698242187500e+03 8.115470581054687500e+02 6.907667236328125000e+02 7.378774414062500000e+02 6.525312500000000000e+02 6.851375732421875000e+02
3.652609431417139518e+01 3.163693554687500000e+04 2.856972851562500000e+04 1.623806054687500000e+04 1.331491210937500000e+04 1.289926757812500000e+04 1.239416113281250000e+04 1.220198535156250000e+04
3.752588676385157385e+01 5.413114453125000000e+04 4.279065625000000000e+04 2.266413281250000000e+04 1.791417187500000000e+04 1.708642968750000000e+04 1.665164257812500000e+04 1.636482128906250000e+04
3.852567921353176672e+01 5.927328125000000000e+04 4.580560937500000000e+04 2.470315234375000000e+04 2.033452734375000000e+04 2.025374804687500000e+04 1.921831250000000000e+04 1.907018359375000000e+04
3.952547166321194538e+01 5.776530859375000000e+04 4.473742968750000000e+04 2.451826171875000000e+04 2.173723632812500000e+04 2.080102343750000000e+04 2.011921289062500000e+04 1.995941796875000000e+04
4.052526411289213115e+01 6.020951171875000000e+04 4.652335937500000000e+04 2.634600585937500000e+04 2.168170117187500000e+04 2.028230664062500000e+04 2.015393359375000000e+04 1.984936914062500000e+04
4.152505656257231692e+01 6.413832031250000000e+04 4.755363281250000000e+04 2.667615234375000000e+04 2.185515234375000000e+04 2.129362500000000000e+04 2.076121484375000000e+04 2.040989062500000000e+04
4.252484901225250269e+01 6.825549218750000000e+04 4.972203515625000000e+04 2.798156250000000000e+04 2.286361914062500000e+04 2.336309375000000000e+04 2.368193164062500000e+04 2.295507421875000000e+04
4.352464146193268846e+01 6.528324609375000000e+04 4.953187109375000000e+04 2.829884375000000000e+04 2.486449804687500000e+04 2.324075390625000000e+04 2.249398828125000000e+04 2.201342773437500000e+04
4.452443391161286712e+01 6.026154296875000000e+04 4.600875390625000000e+04 2.450819726562500000e+04 2.023526757812500000e+04 1.943488671875000000e+04 1.848990820312500000e+04 1.836476562500000000e+04
4.552422636129305999e+01 6.613661718750000000e+04 5.184785546875000000e+04 2.746513867187500000e+04 2.220610156250000000e+04 2.192156054687500000e+04 2.142099609375000000e+04 2.116169726562500000e+04
4.652401881097324576e+01 6.455235937500000000e+04 4.886238671875000000e+04 2.611044726562500000e+04 2.109770117187500000e+04 1.967564648437500000e+04 1.958648242187500000e+04 1.891308984375000000e+04
4.752381126065340311e+01 6.915211718750000000e+04 5.395903125000000000e+04 2.773140039062500000e+04 2.298304101562500000e+04 2.143868359375000000e+04 2.059046679687500000e+04 2.055107812500000000e+04
4.852360371033359598e+01 7.046973437500000000e+04 5.238196484375000000e+04 2.891484960937500000e+04 2.450724023437500000e+04 2.275924023437500000e+04 2.202683007812500000e+04 2.140568554687500000e+04
4.952339616001376754e+01 4.857529687500000000e+04 3.782917187500000000e+04 2.104874609375000000e+04 1.786951953125000000e+04 1.744830859375000000e+04 1.732285156250000000e+04 1.697858203125000000e+04
5.052318860969396042e+01 3.033400634765625000e+03 3.071161865234375000e+03 2.315652832031250000e+03 1.940821166992187500e+03 1.815098510742187500e+03 1.757285522460937500e+03 1.853302124023437500e+03
5.152298105937414618e+01 -6.057225036621093750e+01 -6.057225036621093750e+01 -6.057225036621093750e+01 -6.057225036621093750e+01 -6.057225036621093750e+01 -6.057225036621093750e+01 -6.057225036621093750e+01
5.252277350905433195e+01 -6.056935119628906250e+01 -6.056935119628906250e+01 -6.056935119628906250e+01 -6.056935119628906250e+01 -6.056935119628906250e+01 -6.056935119628906250e+01 -6.056935119628906250e+01
5.352256595873451062e+01 -6.056646728515625000e+01 -6.056646728515625000e+01 -6.056646728515625000e+01 -6.056646728515625000e+01 -6.056646728515625000e+01 -6.056646728515625000e+01 -6.056646728515625000e+01
5.452235840841469638e+01 6.060824584960937500e+02 6.303421020507812500e+02 6.334605102539062500e+02 6.549830322265625000e+02 6.579580078125000000e+02 5.980753173828125000e+02 5.873916625976562500e+02
5.552215085809488926e+01 2.047819531250000000e+04 1.392198828125000000e+04 7.451886230468750000e+03 6.338879394531250000e+03 6.181892578125000000e+03 5.837813964843750000e+03 5.706174316406250000e+03
5.652194330777507503e+01 7.516792968750000000e+04 5.639113281250000000e+04 3.123516015625000000e+04 2.637077539062500000e+04 2.546746484375000000e+04 2.433275195312500000e+04 2.406896289062500000e+04
5.752173575745525369e+01 8.138107031250000000e+04 6.342594140625000000e+04 3.306871875000000000e+04 2.613892578125000000e+04 2.611526367187500000e+04 2.431941601562500000e+04 2.398133007812500000e+04
5.852152820713543946e+01 8.685007812500000000e+04 6.644457812500000000e+04 3.698246484375000000e+04 3.028405078125000000e+04 3.037526367187500000e+04 2.807399218750000000e+04 2.783819531250000000e+04
5.952132065681562523e+01 8.503978125000000000e+04 6.512477343750000000e+04 3.609655468750000000e+04 3.059997656250000000e+04 3.068373437500000000e+04 2.902316015625000000e+04 2.842262695312500000e+04
6.052111310649581100e+01 8.230204687500000000e+04 6.337653125000000000e+04 3.546575000000000000e+04 2.803061328125000000e+04 2.663402148437500000e+04 2.508604101562500000e+04 2.487235937500000000e+04
6.152090555617598966e+01 8.401842968750000000e+04 6.469515625000000000e+04 3.550184765625000000e+04 2.759830859375000000e+04 2.602825390625000000e+04 2.552239062500000000e+04 2.473298046875000000e+04
6.252069800585618253e+01 8.449117187500000000e+04 6.449615234375000000e+04 3.502521093750000000e+04 2.749438671875000000e+04 2.654531054687500000e+04 2.555666015625000000e+04 2.518442968750000000e+04
6.352049045553636830e+01 8.162292187500000000e+04 6.345324609375000000e+04 3.381924609375000000e+04 2.684076953125000000e+04 2.578661718750000000e+04 2.499070507812500000e+04 2.486651953125000000e+04
6.452028290521656118e+01 8.649754687500000000e+04 6.768907812500000000e+04 3.881038281250000000e+04 3.140873828125000000e+04 2.968421875000000000e+04 2.850953515625000000e+04 2.765263085937500000e+04
6.552007535489669010e+01 8.430157031250000000e+04 6.338527734375000000e+04 3.482917578125000000e+04 2.821635156250000000e+04 2.668310546875000000e+04 2.607530078125000000e+04 2.557848437500000000e+04
6.651986780457687587e+01 8.406714843750000000e+04 6.645715625000000000e+04 3.675016796875000000e+04 2.894520703125000000e+04 2.840179492187500000e+04 2.709434570312500000e+04 2.694299414062500000e+04
6.751966025425704743e+01 8.878925000000000000e+04 6.665970312500000000e+04 3.836257031250000000e+04 3.087346289062500000e+04 2.955162109375000000e+04 2.862250195312500000e+04 2.789916992187500000e+04
6.851945270393724741e+01 8.310340625000000000e+04 6.430128125000000000e+04 3.355140234375000000e+04 2.839843359375000000e+04 2.704033984375000000e+04 2.670120117187500000e+04 2.655805859375000000e+04
6.951924515361743317e+01 7.230854687500000000e+04 5.496713671875000000e+04 3.022754882812500000e+04 2.491566210937500000e+04 2.360083593750000000e+04 2.369710546875000000e+04 2.364062890625000000e+04
7.051903760329760473e+01 8.440555468750000000e+04 6.494425390625000000e+04 3.538138671875000000e+04 2.957966015625000000e+04 2.731232421875000000e+04 2.683769726562500000e+04 2.762808203125000000e+04
7.151883005297779050e+01 8.108039062500000000e+04 6.181125781250000000e+04 3.399652343750000000e+04 2.785292578125000000e+04 2.579759570312500000e+04 2.595601562500000000e+04 2.706201171875000000e+04
7.251862250265797627e+01 8.191042968750000000e+04 6.241568750000000000e+04 3.622123046875000000e+04 2.885608203125000000e+04 2.729210156250000000e+04 2.682455859375000000e+04 2.734556835937500000e+04
7.351841495233816204e+01 8.054938281250000000e+04 6.186150390625000000e+04 3.640828906250000000e+04 2.908616796875000000e+04 2.765325781250000000e+04 2.751681250000000000e+04 2.710179296875000000e+04
7.451820740201836202e+01 7.907043750000000000e+04 6.138032031250000000e+04 3.542469140625000000e+04 2.910826367187500000e+04 2.767158593750000000e+04 2.721400195312500000e+04 2.672615820312500000e+04
7.551799985169853358e+01 7.651345312500000000e+04 5.973353906250000000e+04 3.514669140625000000e+04 3.012115625000000000e+04 2.795328906250000000e+04 2.894706640625000000e+04 2.784331640625000000e+04
7.651779230137871934e+01 7.681642968750000000e+04 5.940267187500000000e+04 3.406057031250000000e+04 2.883672460937500000e+04 2.748091796875000000e+04 2.739698632812500000e+04 2.647592382812500000e+04
7.751758475105890511e+01 7.749532031250000000e+04 6.007032031250000000e+04 3.383130078125000000e+04 2.742869921875000000e+04 2.608043359375000000e+04 2.615325976562500000e+04 2.519283007812500000e+04
7.851737720073909088e+01 7.739347656250000000e+04 6.069403906250000000e+04 3.464726953125000000e+04 2.819183789062500000e+04 2.727937304687500000e+04 2.671417382812500000e+04 2.563408789062500000e+04
7.951716965041927665e+01 7.563867968750000000e+04 5.766742968750000000e+04 3.279577343750000000e+04 2.705772656250000000e+04 2.602571289062500000e+04 2.602531054687500000e+04 2.489974414062500000e+04
8.051696210009946242e+01 7.238700781250000000e+04 5.598732812500000000e+04 3.154509960937500000e+04 2.529105859375000000e+04 2.480728515625000000e+04 2.402196289062500000e+04 2.402401757812500000e+04
8.151675454977964819e+01 7.476670312500000000e+04 5.875541796875000000e+04 3.257256835937500000e+04 2.707560156250000000e+04 2.562279687500000000e+04 2.503416601562500000e+04 2.478687500000000000e+04
8.251654699945983396e+01 7.280907812500000000e+04 5.490164062500000000e+04 3.154458398437500000e+04 2.678086914062500000e+04 2.531100000000000000e+04 2.469564062500000000e+04 2.457630078125000000e+04
8.351633944914001972e+01 6.648328125000000000e+04 5.084781250000000000e+04 2.947784179687500000e+04 2.480883007812500000e+04 2.407300585937500000e+04 2.318335937500000000e+04 2.287530078125000000e+04
8.451613189882020549e+01 7.369554687500000000e+04 5.699876171875000000e+04 3.267121093750000000e+04 2.761488867187500000e+04 2.573000976562500000e+04 2.499883007812500000e+04 2.477241210937500000e+04
8.551592434850037705e+01 7.158689062500000000e+04 5.612484375000000000e+04 3.233191210937500000e+04 2.650333593750000000e+04 2.511228125000000000e+04 2.467860156250000000e+04 2.443314648437500000e+04
8.651571679818056282e+01 7.386809375000000000e+04 5.682112890625000000e+04 3.344833203125000000e+04 2.910017773437500000e+04 2.731746289062500000e+04 2.684562890625000000e+04 2.547835156250000000e+04
8.751550924786074859e+01 7.387707031250000000e+04 5.965867578125000000e+04 3.286586718750000000e+04 2.722145117187500000e+04 2.586166210937500000e+04 2.595297656250000000e+04 2.506048828125000000e+04
8.851530169754089172e+01 7.274942968750000000e+04 5.653100781250000000e+04 3.184892382812500000e+04 2.588640625000000000e+04 2.501595117187500000e+04 2.487965039062500000e+04 2.432240429687500000e+04
8.951509414722107749e+01 7.507935156250000000e+04 5.760744531250000000e+04 3.401704687500000000e+04 2.778754101562500000e+04 2.618344140625000000e+04 2.560119335937500000e+04 2.535898632812500000e+04
9.051488659690126326e+01 7.231615625000000000e+04 5.584242578125000000e+04 3.354792968750000000e+04 2.812199218750000000e+04 2.662283789062500000e+04 2.584225000000000000e+04 2.533303125000000000e+04
9.151467904658144903e+01 7.595481250000000000e+04 5.950942578125000000e+04 3.519392578125000000e+04 2.846573242187500000e+04 2.765306445312500000e+04 2.718982031250000000e+04 2.693740234375000000e+04
9.251447149626163480e+01 7.902806250000000000e+04 6.408235937500000000e+04 3.757210156250000000e+04 3.243563671875000000e+04 3.050007421875000000e+04 3.041267968750000000e+04 3.002761718750000000e+04
9.351426394594182057e+01 8.310648437500000000e+04 6.209697656250000000e+04 3.774689453125000000e+04 3.095824414062500000e+04 2.960397460937500000e+04 2.939551953125000000e+04 2.933591015625000000e+04
9.451405639562199212e+01 7.407022656250000000e+04 5.820134375000000000e+04 3.382526171875000000e+04 2.734230273437500000e+04 2.634434570312500000e+04 2.628207812500000000e+04 2.536890820312500000e+04
9.551384884530217789e+01 8.036109375000000000e+04 6.160664843750000000e+04 3.497949609375000000e+04 2.881551367187500000e+04 2.781323632812500000e+04 2.751165039062500000e+04 2.729442968750000000e+04
9.651364129498236366e+01 6.738939062500000000e+04 5.009799609375000000e+04 3.002091015625000000e+04 2.378594726562500000e+04 2.290783984375000000e+04 2.245041601562500000e+04 2.217741796875000000e+04
9.751343374466256364e+01 7.540433593750000000e+04 5.738381640625000000e+04 3.338376171875000000e+04 2.765597070312500000e+04 2.648978906250000000e+04 2.634609960937500000e+04 2.579121875000000000e+04
9.851322619434274941e+01 7.745514843750000000e+04 6.114666015625000000e+04 3.456496875000000000e+04 2.864828320312500000e+04 2.679621484375000000e+04 2.580970898437500000e+04 2.515161132812500000e+04
9.951301864402293518e+01 8.075699218750000000e+04 6.245954296875000000e+04 3.536616015625000000e+04 2.952502734375000000e+04 2.817609375000000000e+04 2.734566992187500000e+04 2.692534375000000000e+04
1.005128110937031209e+02 8.282257031250000000e+04 6.510778906250000000e+04 3.641506640625000000e+04 3.131104101562500000e+04 2.904949414062500000e+04 2.885723632812500000e+04 2.802159375000000000e+04
1.015126035433833067e+02 7.783007031250000000e+04 6.081653906250000000e+04 3.442234375000000000e+04 2.931121484375000000e+04 2.722018554687500000e+04 2.666166406250000000e+04 2.609215234375000000e+04
1.025123959930634783e+02 7.877899218750000000e+04 6.062453906250000000e+04 3.411073046875000000e+04 2.904871289062500000e+04 2.724909570312500000e+04 2.644833789062500000e+04 2.611138671875000000e+04
1.035121884427436640e+02 8.146989062500000000e+04 6.177188671875000000e+04 3.341678515625000000e+04 2.713551757812500000e+04 2.619587304687500000e+04 2.632417382812500000e+04 2.573072656250000000e+04
1.045119808924238498e+02 7.767250781250000000e+04 6.070125781250000000e+04 3.398087500000000000e+04 2.824107421875000000e+04 2.724651562500000000e+04 2.673903710937500000e+04 2.602987500000000000e+04
1.055117733421040356e+02 8.861127343750000000e+04 7.036700000000000000e+04 3.908274609375000000e+04 3.244236132812500000e+04 3.152481640625000000e+04 3.039636914062500000e+04 2.998638476562500000e+04
1.065115657917842213e+02 8.673823437500000000e+04 7.067539843750000000e+04 3.876936328125000000e+04 3.162992968750000000e+04 3.034812890625000000e+04 2.947545898437500000e+04 2.871136718750000000e+04
1.075113582414644071e+02 8.645425000000000000e+04 6.618776562500000000e+04 3.847701171875000000e+04 3.117455078125000000e+04 3.036103710937500000e+04 3.033422070312500000e+04 2.933165039062500000e+04
1.085111506911446071e+02 8.761979687500000000e+04 6.822108593750000000e+04 3.536051171875000000e+04 2.952695117187500000e+04 2.764931835937500000e+04 2.687096484375000000e+04 2.670416796875000000e+04
1.095109431408247929e+02 7.499709375000000000e+04 5.852539062500000000e+04 3.158703906250000000e+04 2.724066210937500000e+04 2.529010742187500000e+04 2.499609375000000000e+04 2.429079687500000000e+04
1.105107355905049502e+02 9.116856250000000000e+04 7.033332031250000000e+04 3.911092187500000000e+04 3.266359179687500000e+04 3.087319726562500000e+04 2.990810742187500000e+04 2.977716601562500000e+04
1.115105280401851076e+02 9.172473437500000000e+04 7.004267968750000000e+04 4.215501171875000000e+04 3.304750390625000000e+04 3.012370507812500000e+04 2.981531445312500000e+04 2.928940039062500000e+04
1.125103204898652791e+02 9.023222656250000000e+04 6.592619531250000000e+04 3.684713281250000000e+04 2.970064257812500000e+04 2.795343750000000000e+04 2.740068359375000000e+04 2.680937890625000000e+04
1.135101129395454649e+02 9.203219531250000000e+04 6.802003125000000000e+04 3.747779296875000000e+04 2.895950390625000000e+04 2.766862304687500000e+04 2.724353906250000000e+04 2.637255468750000000e+04
1.145099053892256507e+02 8.945680468750000000e+04 6.638225781250000000e+04 3.619475390625000000e+04 2.870361914062500000e+04 2.784585156250000000e+04 2.720078515625000000e+04 2.702118945312500000e+04
1.155096978389058364e+02 9.457099218750000000e+04 7.213145312500000000e+04 3.927776562500000000e+04 3.227525585937500000e+04 3.076537890625000000e+04 3.081165625000000000e+04 2.947837695312500000e+04
1.165094902885860222e+02 8.662171875000000000e+04 6.696408593750000000e+04 3.608555468750000000e+04 3.049364843750000000e+04 2.961849414062500000e+04 2.872895117187500000e+04 2.811422265625000000e+04
1.175092827382662080e+02 8.886461718750000000e+04 6.755355468750000000e+04 3.819106250000000000e+04 3.101917187500000000e+04 2.956016992187500000e+04 2.851078906250000000e+04 2.754572460937500000e+04
1.185090751879464079e+02 9.019857031250000000e+04 6.916900781250000000e+04 3.995890625000000000e+04 3.146488281250000000e+04 2.984473632812500000e+04 2.937736914062500000e+04 2.850202343750000000e+04
1.195088676376265653e+02 8.767360156250000000e+04 6.877270312500000000e+04 4.006778515625000000e+04 3.121283789062500000e+04 2.939537304687500000e+04 2.826609570312500000e+04 2.776249023437500000e+04
1.205086600873067653e+02 8.796010156250000000e+04 6.664912500000000000e+04 3.663193359375000000e+04 3.042221679687500000e+04 2.859245507812500000e+04 2.852100781250000000e+04 2.793381640625000000e+04
1.215084525369869510e+02 8.140471875000000000e+04 6.202166406250000000e+04 3.417408203125000000e+04 2.907355664062500000e+04 2.816402734375000000e+04 2.695797460937500000e+04 2.680603125000000000e+04
1.225082449866671368e+02 8.044021093750000000e+04 6.201254687500000000e+04 3.319257421875000000e+04 2.946566406250000000e+04 2.555807421875000000e+04 2.443969921875000000e+04 2.366703710937500000e+04
1.235080374363473226e+02 7.166800781250000000e+04 5.350268359375000000e+04 2.958603515625000000e+04 2.349660742187500000e+04 2.225146289062500000e+04 2.195545312500000000e+04 2.111643750000000000e+04
1.245078298860275083e+02 1.847746093750000000e+04 1.173706738281250000e+04 6.422803222656250000e+03 5.519256347656250000e+03 5.476231445312500000e+03 5.943866699218750000e+03 5.261960937500000000e+03
1.255076223357076941e+02 6.341846923828125000e+02 5.506735229492187500e+02 5.580554809570312500e+02 5.517664184570312500e+02 6.138940429687500000e+02 7.377338867187500000e+02 5.438120117187500000e+02
1.265074147853878799e+02 -6.052557754516601562e+01 -6.052557754516601562e+01 -6.052557754516601562e+01 -6.052557754516601562e+01 -6.052557754516601562e+01 -6.052557754516601562e+01 -6.052557754516601562e+01
1.275072072350680656e+02 -6.052750015258789062e+01 -6.052750015258789062e+01 -6.052750015258789062e+01 -6.052750015258789062e+01 -6.052750015258789062e+01 -6.052750015258789062e+01 -6.052750015258789062e+01
1.285069996847482514e+02 -6.052943420410156250e+01 -6.052943420410156250e+01 -6.052943420410156250e+01 -6.052943420410156250e+01 -6.052943420410156250e+01 -6.052943420410156250e+01 -6.052943420410156250e+01
1.295067921344284230e+02 4.466485351562500000e+03 4.299107421875000000e+03 3.069997314453125000e+03 2.511589355468750000e+03 2.330290039062500000e+03 2.363975341796875000e+03 2.204960449218750000e+03
1.305065845841086229e+02 5.517339453125000000e+04 4.260932031250000000e+04 2.392045507812500000e+04 1.854573437500000000e+04 1.776724218750000000e+04 1.737027734375000000e+04 1.683179492187500000e+04
1.315063770337887945e+02 7.371539062500000000e+04 5.446021484375000000e+04 3.007640234375000000e+04 2.471900000000000000e+04 2.433796289062500000e+04 2.370624609375000000e+04 2.291968359375000000e+04
1.325061694834689945e+02 7.044848437500000000e+04 5.392526171875000000e+04 2.871803320312500000e+04 2.483626757812500000e+04 2.404195703125000000e+04 2.385341210937500000e+04 2.300874609375000000e+04
1.335059619331491660e+02 6.877974218750000000e+04 5.438835937500000000e+04 2.996954687500000000e+04 2.481710742187500000e+04 2.346671093750000000e+04 2.308605468750000000e+04 2.214874218750000000e+04
1.345057543828293660e+02 6.626335156250000000e+04 4.897775390625000000e+04 3.061050195312500000e+04 2.597991796875000000e+04 2.515080859375000000e+04 2.535936718750000000e+04 2.438086132812500000e+04
1.355055468325095092e+02 6.838171093750000000e+04 5.367778125000000000e+04 3.021724414062500000e+04 2.542935156250000000e+04 2.509172460937500000e+04 2.489971289062500000e+04 2.398721875000000000e+04
1.365053392821896807e+02 6.287056250000000000e+04 4.846643750000000000e+04 3.005425976562500000e+04 2.402700000000000000e+04 2.330073632812500000e+04 2.258948632812500000e+04 2.219437500000000000e+04
1.375051317318698523e+02 6.578170312500000000e+04 4.976022656250000000e+04 2.898315039062500000e+04 2.425737500000000000e+04 2.364512109375000000e+04 2.277245507812500000e+04 2.282577343750000000e+04
1.385049241815500523e+02 6.313436328125000000e+04 5.000901562500000000e+04 2.927462500000000000e+04 2.340096093750000000e+04 2.239110742187500000e+04 2.185808398437500000e+04 2.182583984375000000e+04
1.395047166312302238e+02 6.072239843750000000e+04 5.070069921875000000e+04 2.872889062500000000e+04 2.399055468750000000e+04 2.282694140625000000e+04 2.237318164062500000e+04 2.175977734375000000e+04
1.405045090809104238e+02 5.925265625000000000e+04 4.661406250000000000e+04 2.765617382812500000e+04 2.661955273437500000e+04 2.582100000000000000e+04 2.557767382812500000e+04 2.504626757812500000e+04
1.415043015305905953e+02 5.811065625000000000e+04 4.637453906250000000e+04 2.751865625000000000e+04 2.237954492187500000e+04 2.118544726562500000e+04 2.085942187500000000e+04 2.018540039062500000e+04
1.425040939802707953e+02 5.226980078125000000e+04 3.851324609375000000e+04 2.325272851562500000e+04 1.874876562500000000e+04 1.787891015625000000e+04 1.752870507812500000e+04 1.706539843750000000e+04
1.435038864299509669e+02 5.333486328125000000e+04 4.151579687500000000e+04 2.335967578125000000e+04 1.911776171875000000e+04 1.883549609375000000e+04 1.786919335937500000e+04 1.743860937500000000e+04
1.445036788796311669e+02 5.834216015625000000e+04 4.683614453125000000e+04 2.768403515625000000e+04 2.305140429687500000e+04 2.230622656250000000e+04 2.199738281250000000e+04 2.165962304687500000e+04
1.455034713293113384e+02 5.682316015625000000e+04 4.288973828125000000e+04 2.518164843750000000e+04 2.117179882812500000e+04 2.033739843750000000e+04 2.024602539062500000e+04 2.015340039062500000e+04
1.465032637789915100e+02 5.962899609375000000e+04 4.713680859375000000e+04 2.836578906250000000e+04 2.569897656250000000e+04 2.465010546875000000e+04 2.393372265625000000e+04 2.371319140625000000e+04
1.475030562286717100e+02 5.819207031250000000e+04 4.601984765625000000e+04 2.964676367187500000e+04 2.293919335937500000e+04 2.213858203125000000e+04 2.176922460937500000e+04 2.155743750000000000e+04
1.485028486783519099e+02 5.833485937500000000e+04 4.793683203125000000e+04 2.819684960937500000e+04 2.304460156250000000e+04 2.251522460937500000e+04 2.178167187500000000e+04 2.186269140625000000e+04
1.495026411280320815e+02 5.681011328125000000e+04 4.586165234375000000e+04 2.469093164062500000e+04 2.058997460937500000e+04 1.962499804687500000e+04 1.950927343750000000e+04 1.923382617187500000e+04
1.505024335777122815e+02 5.413432812500000000e+04 4.398612500000000000e+04 2.530175390625000000e+04 2.124078906250000000e+04 2.060418750000000000e+04 1.988418554687500000e+04 1.957223632812500000e+04
1.515022260273924530e+02 5.204640234375000000e+04 4.061152734375000000e+04 2.497218554687500000e+04 2.053783398437500000e+04 1.961175000000000000e+04 1.949651757812500000e+04 1.947360937500000000e+04
1.525020184770726530e+02 5.475430468750000000e+04 4.222567187500000000e+04 2.415619921875000000e+04 2.007188476562500000e+04 1.931573046875000000e+04 1.893393164062500000e+04 1.890041796875000000e+04
1.535018109267528246e+02 5.377845703125000000e+04 4.146773828125000000e+04 2.457563281250000000e+04 2.116371679687500000e+04 2.087726562500000000e+04 1.986134179687500000e+04 1.961750195312500000e+04
1.545016033764329961e+02 5.317958984375000000e+04 4.183271093750000000e+04 2.564531640625000000e+04 2.205910351562500000e+04 2.143467578125000000e+04 2.124098242187500000e+04 2.065435351562500000e+04
1.555013958261131961e+02 5.389862109375000000e+04 4.111021093750000000e+04 2.446072851562500000e+04 2.028548242187500000e+04 2.101213671875000000e+04 2.142055273437500000e+04 2.172796679687500000e+04
1.565011882757933677e+02 4.229471484375000000e+04 3.463211718750000000e+04 2.073915039062500000e+04 1.658046875000000000e+04 1.606165625000000000e+04 1.586955273437500000e+04 1.592730664062500000e+04
1.575009807254735676e+02 5.291964843750000000e+04 4.410988281250000000e+04 2.579378320312500000e+04 2.091110742187500000e+04 2.065369140625000000e+04 2.053754882812500000e+04 2.004150976562500000e+04
1.585007731751537108e+02 5.194643750000000000e+04 4.432745312500000000e+04 2.637787890625000000e+04 2.141551562500000000e+04 2.047056835937500000e+04 2.000348828125000000e+04 1.989201562500000000e+04
1.595005656248338823e+02 5.069028906250000000e+04 3.957020312500000000e+04 2.467442382812500000e+04 2.017048632812500000e+04 2.017205468750000000e+04 2.021648632812500000e+04 2.074112500000000000e+04
1.605003580745140823e+02 5.013431250000000000e+04 3.951125781250000000e+04 2.668885546875000000e+04 2.549171875000000000e+04 2.434248437500000000e+04 2.396720312500000000e+04 2.378341796875000000e+04
1.615001505241942539e+02 5.161826562500000000e+04 3.826332421875000000e+04 2.597544921875000000e+04 2.426364062500000000e+04 2.462019140625000000e+04 2.472820898437500000e+04 2.390975976562500000e+04
1.624999429738744254e+02 5.087842578125000000e+04 4.019449609375000000e+04 2.565697070312500000e+04 2.123163281250000000e+04 2.078010546875000000e+04 2.108680468750000000e+04 2.024928515625000000e+04
1.634997354235546254e+02 5.781233593750000000e+04 4.360749609375000000e+04 2.509586523437500000e+04 2.099648437500000000e+04 2.123073046875000000e+04 2.157824414062500000e+04 2.072418164062500000e+04
1.644995278732347970e+02 5.650563281250000000e+04 4.419685546875000000e+04 2.689252539062500000e+04 2.323690429687500000e+04 2.388679492187500000e+04 2.432964257812500000e+04 2.480803710937500000e+04
1.654993203229149970e+02 5.311633984375000000e+04 4.214656640625000000e+04 2.490927343750000000e+04 2.260764062500000000e+04 2.343452539062500000e+04 2.384266992187500000e+04 2.372905273437500000e+04
1.664991127725951685e+02 5.253982031250000000e+04 4.092300000000000000e+04 2.657989062500000000e+04 2.142957421875000000e+04 2.237757031250000000e+04 2.306823437500000000e+04 2.240157812500000000e+04
1.674989052222753401e+02 5.201774218750000000e+04 3.991178125000000000e+04 2.524924414062500000e+04 2.144267773437500000e+04 2.330284179687500000e+04 2.472519531250000000e+04 2.429486523437500000e+04
1.684986976719555400e+02 5.030376953125000000e+04 3.934475000000000000e+04 2.382332226562500000e+04 2.013333007812500000e+04 2.235072656250000000e+04 2.435486132812500000e+04 2.421247265625000000e+04
1.694984901216357116e+02 4.941019531250000000e+04 3.853793359375000000e+04 2.256843554687500000e+04 2.007456640625000000e+04 2.273205468750000000e+04 2.436875976562500000e+04 2.427378125000000000e+04
1.704982825713159400e+02 5.032398046875000000e+04 3.943255078125000000e+04 2.391167382812500000e+04 2.053523632812500000e+04 2.233697656250000000e+04 2.422166015625000000e+04 2.399309960937500000e+04
1.714980750209961116e+02 5.732808984375000000e+04 4.243800781250000000e+04 2.323868945312500000e+04 1.988402539062500000e+04 2.159850390625000000e+04 2.304216015625000000e+04 2.262846484375000000e+04
1.724978674706763115e+02 5.140661718750000000e+04 4.149358593750000000e+04 2.466315429687500000e+04 2.098663476562500000e+04 2.128491210937500000e+04 2.214694531250000000e+04 2.163713867187500000e+04
1.734976599203564831e+02 5.276776953125000000e+04 4.159333203125000000e+04 2.410570117187500000e+04 1.952397460937500000e+04 1.974432226562500000e+04 2.077863867187500000e+04 2.032645703125000000e+04
1.744974523700366547e+02 5.197373828125000000e+04 3.818017968750000000e+04 2.226129296875000000e+04 1.861123828125000000e+04 1.868740820312500000e+04 1.926151367187500000e+04 1.915757812500000000e+04
1.754972448197168546e+02 4.802708203125000000e+04 3.728264843750000000e+04 2.128060742187500000e+04 1.806668164062500000e+04 1.816526367187500000e+04 1.829223828125000000e+04 1.819469140625000000e+04
1.764970372693970262e+02 4.783456640625000000e+04 3.728070312500000000e+04 2.182442968750000000e+04 1.816879101562500000e+04 1.794058593750000000e+04 1.777126367187500000e+04 1.775933398437500000e+04
1.774968297190772262e+02 5.231610546875000000e+04 3.981913671875000000e+04 2.221041210937500000e+04 1.886610546875000000e+04 1.858644921875000000e+04 1.855619531250000000e+04 1.840080859375000000e+04
1.784966221687573977e+02 3.674092041015625000e+03 2.628670410156250000e+03 1.404182250976562500e+03 1.206821533203125000e+03 1.196959838867187500e+03 1.216860351562500000e+03 1.177691894531250000e+03
1.794964146184375124e+02 -6.055182266235351562e+01 -6.055182266235351562e+01 -6.055182266235351562e+01 -6.055182266235351562e+01 -6.055182266235351562e+01 -6.055182266235351562e+01 -6.055182266235351562e+01
