-1.794319377854038464e+02 3.429216918945312500e+02
-1.784321612348890937e+02 3.139536437988281250e+02
-1.774323846843743127e+02 2.609154663085937500e+02
-1.764326081338595600e+02 3.655717468261718750e+02
-1.754328315833447789e+02 3.081065979003906250e+02
-1.744330550328299978e+02 2.992198181152343750e+02
-1.734332784823152167e+02 3.070666503906250000e+02
-1.724335019318004356e+02 3.434917297363281250e+02
-1.714337253812856545e+02 3.408439636230468750e+02
-1.704339488307709018e+02 2.601224670410156250e+02
-1.694341722802561492e+02 2.915721435546875000e+02
-1.684343957297413681e+02 3.175175170898437500e+02
-1.674346191792265870e+02 3.263806762695312500e+02
-1.664348426287118059e+02 3.055425720214843750e+02
-1.654350660781970248e+02 2.857218017578125000e+02
-1.644352895276822437e+02 3.087602233886718750e+02
-1.634355129771674626e+02 2.838662719726562500e+02
-1.624357364266527100e+02 2.745543823242187500e+02
-1.614359598761379573e+02 2.889106750488281250e+02
-1.604361833256231762e+02 2.936860656738281250e+02
-1.594364067751083951e+02 2.980960388183593750e+02
-1.584366302245936140e+02 2.605671997070312500e+02
-1.574368536740788613e+02 3.182554626464843750e+02
-1.564370771235640802e+02 3.008021240234375000e+02
-1.554373005730492991e+02 2.896032104492187500e+02
-1.544375240225345181e+02 2.650972290039062500e+02
-1.534377474720197654e+02 2.718467712402343750e+02
-1.524379709215049843e+02 2.623600769042968750e+02
-1.514381943709902032e+02 3.662756347656250000e+02
-1.504384178204753937e+02 3.258316955566406250e+02
-1.494386412699606694e+02 3.184635009765625000e+02
-1.484388647194458599e+02 2.567984008789062500e+02
-1.474390881689311072e+02 2.655786132812500000e+02
-1.464393116184162977e+02 2.665622253417968750e+02
-1.454395350679015735e+02 2.871726684570312500e+02
-1.444397585173867640e+02 2.253680725097656250e+02
-1.434399819668720397e+02 2.005244750976562500e+02
-1.424402054163572018e+02 1.962769927978515625e+02
-1.414404288658424775e+02 2.115641784667968750e+02
-1.404406523153276680e+02 2.345199127197265625e+02
-1.394408757648129438e+02 1.727047882080078125e+02
-1.384410992142981343e+02 2.114598999023437500e+02
-1.374413226637833532e+02 2.308711853027343750e+02
-1.364415461132685721e+02 1.847723236083984375e+02
-1.354417695627537910e+02 2.264009552001953125e+02
-1.344419930122390383e+02 1.605588989257812500e+02
-1.334422164617242572e+02 2.015958251953125000e+02
-1.324424399112094761e+02 1.835619506835937500e+02
-1.314426633606947235e+02 1.397890472412109375e+02
-1.304428868101799424e+02 1.381154785156250000e+02
-1.294431102596651613e+02 1.457641143798828125e+02
-1.284433337091503802e+02 2.160500183105468750e+02
-1.274435571586356275e+02 2.165903015136718750e+02
-1.264437806081208464e+02 2.287352600097656250e+02
-1.254440040576060653e+02 1.929423217773437500e+02
-1.244442275070912842e+02 2.022751312255859375e+02
-1.234444509565765316e+02 1.933770141601562500e+02
-1.224446744060617505e+02 1.852748565673828125e+02
-1.214448978555469694e+02 2.338452606201171875e+02
-1.204451213050322025e+02 2.252999725341796875e+02
-1.194453447545174356e+02 2.106292877197265625e+02
-1.184455682040026545e+02 2.138803253173828125e+02
-1.174457916534878734e+02 2.252409515380859375e+02
-1.164460151029731065e+02 1.798268737792968750e+02
-1.154462385524583254e+02 2.291212158203125000e+02
-1.144464620019435586e+02 2.163447723388671875e+02
-1.134466854514287917e+02 1.814149627685546875e+02
-1.124469089009140106e+02 2.032653961181640625e+02
-1.114471323503992295e+02 2.682824401855468750e+02
-1.104473557998844626e+02 2.319293365478515625e+02
-1.094475792493696957e+02 3.178914184570312500e+02
-1.084478026988549146e+02 2.660385437011718750e+02
-1.074480261483401335e+02 2.225299835205078125e+02
-1.064482495978253809e+02 3.117327270507812500e+02
-1.054484730473105998e+02 2.655046386718750000e+02
-1.044486964967958187e+02 2.909021606445312500e+02
-1.034489199462810376e+02 3.179683837890625000e+02
-1.024491433957662849e+02 2.928725280761718750e+02
-1.014493668452515038e+02 3.477578430175781250e+02
-1.004495902947367227e+02 3.140821533203125000e+02
-9.944981374422197007e+01 3.307742309570312500e+02
-9.845003719370716055e+01 3.636763610839843750e+02
-9.745026064319239367e+01 3.182229003906250000e+02
-9.645048409267762679e+01 3.661948547363281250e+02
-9.545070754216284570e+01 3.752886352539062500e+02
-9.445093099164806461e+01 3.482062683105468750e+02
-9.345115444113331193e+01 3.883354187011718750e+02
-9.245137789061853084e+01 3.708036193847656250e+02
-9.145160134010374975e+01 3.114790954589843750e+02
-9.045182478958896866e+01 3.209035644531250000e+02
-8.945204823907421599e+01 2.363770599365234375e+02
-8.845227168855943489e+01 3.350395507812500000e+02
-8.745249513804465380e+01 2.717586364746093750e+02
-8.645271858752987271e+01 2.884692993164062500e+02
-8.545294203701512004e+01 2.561367187500000000e+02
-8.445316548650033894e+01 2.696957092285156250e+02
-8.345338893598555785e+01 2.549710235595703125e+02
-8.245361238547080518e+01 2.175809478759765625e+02
-8.145383583495602409e+01 1.891293334960937500e+02
-8.045405928444124299e+01 2.206920471191406250e+02
-7.945428273392647611e+01 2.398508148193359375e+02
-7.845450618341169502e+01 1.757172698974609375e+02
-7.745472963289692814e+01 1.394894409179687500e+02
-7.645495308238214704e+01 2.042641754150390625e+02
-7.545517653186738016e+01 2.163131866455078125e+02
-7.445539998135259907e+01 1.831708068847656250e+02
-7.345562343083783219e+01 1.891416015625000000e+02
-7.245584688032305110e+01 2.023249053955078125e+02
-7.145607032980828421e+01 1.705331115722656250e+02
-7.045629377929350312e+01 2.255002899169921875e+02
-6.945651722877873624e+01 1.910111541748046875e+02
-6.845674067826395515e+01 1.872890777587890625e+02
-6.745696412774917405e+01 1.908378295898437500e+02
-6.645718757723440717e+01 1.449557342529296875e+02
-6.545741102671962608e+01 2.051235046386718750e+02
-6.445763447620485920e+01 1.268475189208984375e+02
-6.345785792569007810e+01 1.809952087402343750e+02
-6.245808137517530412e+01 2.013128967285156250e+02
-6.145830482466053724e+01 1.492494964599609375e+02
-6.045852827414575614e+01 1.811309967041015625e+02
-5.945875172363098926e+01 1.655243225097656250e+02
-5.845897517311620817e+01 2.034578857421875000e+02
-5.745919862260144129e+01 1.836112976074218750e+02
-5.645942207208666019e+01 1.539897155761718750e+02
-5.545964552157189331e+01 1.968847045898437500e+02
-5.445986897105711932e+01 1.792917022705078125e+02
-5.346009242054234534e+01 1.451871643066406250e+02
-5.246031587002757135e+01 2.126894073486328125e+02
-5.146053931951279736e+01 1.832592163085937500e+02
-5.046076276899802338e+01 1.433003234863281250e+02
-4.946098621848324939e+01 2.334618072509765625e+02
-4.846120966796847540e+01 1.634475708007812500e+02
-4.746143311745370852e+01 2.205807952880859375e+02
-4.646165656693892743e+01 1.442310180664062500e+02
-4.546188001642416054e+01 2.261884155273437500e+02
-4.446210346590937945e+01 1.763063812255859375e+02
-4.346232691539461257e+01 2.153864440917968750e+02
-4.246255036487983148e+01 1.773852233886718750e+02
-4.146277381436506460e+01 2.172628173828125000e+02
-4.046299726385029061e+01 1.911145935058593750e+02
-3.946322071333551662e+01 2.109792327880859375e+02
-3.846344416282074263e+01 2.162983093261718750e+02
-3.746366761230596865e+01 2.270578918457031250e+02
-3.646389106179119466e+01 2.475895233154296875e+02
-3.546411451127642067e+01 2.640561523437500000e+02
-3.446433796076164668e+01 2.378374938964843750e+02
-3.346456141024687270e+01 2.944804382324218750e+02
-3.246478485973209871e+01 2.750156860351562500e+02
-3.146500830921732472e+01 2.815297546386718750e+02
-3.046523175870255074e+01 2.541766052246093750e+02
-2.946545520818777675e+01 2.430489654541015625e+02
-2.846567865767300276e+01 2.577365722656250000e+02
-2.746590210715823233e+01 2.703338317871093750e+02
-2.646612555664345834e+01 2.041710510253906250e+02
-2.546634900612868435e+01 2.892814331054687500e+02
-2.446657245561391036e+01 2.508797302246093750e+02
-2.346679590509913638e+01 2.544357452392578125e+02
-2.246701935458436239e+01 2.951565551757812500e+02
-2.146724280406958840e+01 3.358178710937500000e+02
-2.046746625355481441e+01 2.662720336914062500e+02
-1.946768970304004398e+01 2.998747863769531250e+02
-1.846791315252524512e+01 2.749718627929687500e+02
-1.746813660201047114e+01 3.375400390625000000e+02
-1.646836005149569360e+01 3.364519653320312500e+02
-1.546858350098092316e+01 3.547456970214843750e+02
-1.446880695046614917e+01 3.418446655273437500e+02
-1.346903039995137519e+01 3.636027526855468750e+02
-1.246925384943660298e+01 3.792137145996093750e+02
-1.146947729892182899e+01 3.203487548828125000e+02
-1.046970074840705500e+01 3.288211364746093750e+02
-9.469924197892281015e+00 3.727616882324218750e+02
-8.470147647377507027e+00 3.086638793945312500e+02
-7.470371096862734817e+00 3.923594360351562500e+02
-6.470594546347960829e+00 3.411024780273437500e+02
-5.470817995833186842e+00 3.975616149902343750e+02
-4.471041445318413743e+00 3.937891540527343750e+02
-3.471264894803639756e+00 3.960188598632812500e+02
-2.471488344288866212e+00 3.556201477050781250e+02
-1.471711793774092669e+00 2.981193237304687500e+02
-4.719352432593190150e-01 3.925032348632812500e+02
5.278413072554545282e-01 3.725402221679687500e+02
1.527617857770228182e+00 4.047946777343750000e+02
2.527394408285001948e+00 3.665852966308593750e+02
3.527170958799775491e+00 4.280413818359375000e+02
4.526947509314548590e+00 3.568009033203125000e+02
5.526724059829322577e+00 3.462930297851562500e+02
6.526500610344096565e+00 3.129833374023437500e+02
7.526277160858869664e+00 3.758390197753906250e+02
8.526053711373641875e+00 3.107612609863281250e+02
9.525830261888417638e+00 2.859017944335937500e+02
1.052560681240319163e+01 3.147799987792968750e+02
1.152538336291796206e+01 3.280232849121093750e+02
1.252515991343273782e+01 3.824730224609375000e+02
1.352493646394751181e+01 2.992335815429687500e+02
1.452471301446228580e+01 2.928904113769531250e+02
1.552448956497705979e+01 2.597768859863281250e+02
1.652426611549183022e+01 2.134378509521484375e+02
1.752404266600660421e+01 3.065755615234375000e+02
1.852381921652137819e+01 2.986780090332031250e+02
1.952359576703615218e+01 2.926639404296875000e+02
2.052337231755092617e+01 3.325406188964843750e+02
2.152314886806570016e+01 3.391005249023437500e+02
2.252292541858047414e+01 3.386077575683593750e+02
2.352270196909524813e+01 2.737631835937500000e+02
2.452247851961002212e+01 2.977802734375000000e+02
2.552225507012479255e+01 2.095310974121093750e+02
2.652203162063956654e+01 2.719328002929687500e+02
2.752180817115434053e+01 2.327554168701171875e+02
2.852158472166911451e+01 2.451058349609375000e+02
2.952136127218388850e+01 2.129936981201171875e+02
3.052113782269866249e+01 2.509275512695312500e+02
3.152091437321343648e+01 2.504934387207031250e+02
3.252069092372821046e+01 2.374096374511718750e+02
3.352046747424298445e+01 2.503609924316406250e+02
3.452024402475775133e+01 2.089580383300781250e+02
3.552002057527253243e+01 1.831466979980468750e+02
3.651979712578730641e+01 2.114676361083984375e+02
3.751957367630208040e+01 2.468848724365234375e+02
3.851935022681685439e+01 2.872796020507812500e+02
3.951912677733162838e+01 2.161419830322265625e+02
4.051890332784640236e+01 2.004163055419921875e+02
4.151867987836116924e+01 2.105498352050781250e+02
4.251845642887595034e+01 2.360017089843750000e+02
4.351823297939071722e+01 2.106038208007812500e+02
4.451800952990551252e+01 1.853997039794921875e+02
4.551778608042029362e+01 2.032965087890625000e+02
4.651756263093506050e+01 1.426775360107421875e+02
4.751733918144984159e+01 1.971408691406250000e+02
4.851711573196460847e+01 1.946770782470703125e+02
4.951689228247938956e+01 1.657126159667968750e+02
5.051666883299415645e+01 1.572859649658203125e+02
5.151644538350890912e+01 1.915689392089843750e+02
5.251622193402370442e+01 1.413851776123046875e+02
5.351599848453844999e+01 1.668857269287109375e+02
5.451577503505325950e+01 2.090927429199218750e+02
5.551555158556799796e+01 1.993460845947265625e+02
5.651532813608280748e+01 1.727880401611328125e+02
5.751510468659754594e+01 1.729725036621093750e+02
5.851488123711234124e+01 1.914556427001953125e+02
5.951465778762709391e+01 2.207104187011718750e+02
6.051443433814188921e+01 2.078394622802734375e+02
6.151421088865664188e+01 2.207452545166015625e+02
6.251398743917143719e+01 2.552535858154296875e+02
6.351376398968618986e+01 2.683074340820312500e+02
6.451354054020099227e+01 2.574325256347656250e+02
6.551331709071574494e+01 2.466781768798828125e+02
6.651309364123054024e+01 2.338956604003906250e+02
6.751287019174529291e+01 2.002547454833984375e+02
6.851264674226008822e+01 2.261240692138671875e+02
6.951242329277484089e+01 2.559286499023437500e+02
7.051219984328963619e+01 2.948780517578125000e+02
7.151197639380437465e+01 2.275567626953125000e+02
7.251175294431918417e+01 2.697412414550781250e+02
7.351152949483392263e+01 2.934251098632812500e+02
7.451130604534873214e+01 3.400753479003906250e+02
7.551108259586347060e+01 3.559282836914062500e+02
7.651085914637826590e+01 3.172806701660156250e+02
7.751063569689307542e+01 2.904866027832031250e+02
7.851041224740781388e+01 3.531841125488281250e+02
7.951018879792262339e+01 3.802881469726562500e+02
8.050996534843736185e+01 3.556464233398437500e+02
8.150974189895215716e+01 4.079342346191406250e+02
8.250951844946692404e+01 3.650104980468750000e+02
8.350929499998171934e+01 3.884504089355468750e+02
8.450907155049645780e+01 3.856338195800781250e+02
8.550884810101125311e+01 4.262348327636718750e+02
8.650862465152600578e+01 4.114401550292968750e+02
8.750840120204081529e+01 3.542067260742187500e+02
8.850817775255555375e+01 3.870499267578125000e+02
8.950795430307034906e+01 3.674009094238281250e+02
9.050773085358510173e+01 3.486209411621093750e+02
9.150750740409989703e+01 3.086215820312500000e+02
9.250728395461464970e+01 3.301351623535156250e+02
9.350706050512945922e+01 3.033643798828125000e+02
9.450683705564419768e+01 2.781484680175781250e+02
9.550661360615899298e+01 3.026496276855468750e+02
9.650639015667374565e+01 2.675905761718750000e+02
9.750616670718855516e+01 2.015336608886718750e+02
9.850594325770329363e+01 2.350355834960937500e+02
9.950571980821808893e+01 2.209591217041015625e+02
1.005054963587328274e+02 2.500311584472656250e+02
1.015052729092476511e+02 2.289022521972656250e+02
1.025050494597623896e+02 1.885698699951171875e+02
1.035048260102771849e+02 1.903569183349609375e+02
1.045046025607919233e+02 2.570093383789062500e+02
1.055043791113067186e+02 2.357946624755859375e+02
1.065041556618214855e+02 2.050243530273437500e+02
1.075039322123362808e+02 1.747380218505859375e+02
1.085037087628510193e+02 1.757342224121093750e+02
1.095034853133658146e+02 1.679149169921875000e+02
1.105032618638805815e+02 1.970507354736328125e+02
1.115030384143953768e+02 1.882126007080078125e+02
1.125028149649101152e+02 2.001834716796875000e+02
1.135025915154249105e+02 1.921767578125000000e+02
1.145023680659396632e+02 1.697139434814453125e+02
1.155021446164544727e+02 1.972243041992187500e+02
1.165019211669692112e+02 1.942069854736328125e+02
1.175016977174840207e+02 2.145003967285156250e+02
1.185014742679987592e+02 1.623274688720703125e+02
1.195012508185135545e+02 1.506063995361328125e+02
1.205010273690283071e+02 1.683171386718750000e+02
1.215008039195431166e+02 1.921940002441406250e+02
1.225005804700578551e+02 1.418011169433593750e+02
1.235003570205726504e+02 1.830086975097656250e+02
1.245001335710874173e+02 1.607786865234375000e+02
1.254999101216022126e+02 1.853167419433593750e+02
1.264996866721169511e+02 1.881695861816406250e+02
1.274994632226317464e+02 1.866797790527343750e+02
1.284992397731465132e+02 1.611280517578125000e+02
1.294990163236612943e+02 1.859582519531250000e+02
1.304987928741760470e+02 2.042940063476562500e+02
1.314985694246908565e+02 1.895223388671875000e+02
1.324983459752055808e+02 2.210400390625000000e+02
1.334981225257203903e+02 1.533567504882812500e+02
1.344978990762351430e+02 2.194369506835937500e+02
1.354976756267499525e+02 2.313602600097656250e+02
1.364974521772646767e+02 1.879842224121093750e+02
1.374972287277794862e+02 1.513991241455078125e+02
1.384970052782942389e+02 1.829199066162109375e+02
1.394967818288090484e+02 2.003018493652343750e+02
1.404965583793237727e+02 2.753608703613281250e+02
1.414963349298385822e+02 2.298784179687500000e+02
1.424961114803533633e+02 2.670017395019531250e+02
1.434958880308681444e+02 2.554864044189453125e+02
1.444956645813829255e+02 1.806611785888671875e+02
1.454954411318976781e+02 2.275288696289062500e+02
1.464952176824124592e+02 2.266380615234375000e+02
1.474949942329272403e+02 2.397123565673828125e+02
1.484947707834420214e+02 2.286456298828125000e+02
1.494945473339567741e+02 2.929232177734375000e+02
1.504943238844715552e+02 3.085907592773437500e+02
1.514941004349863363e+02 2.501762237548828125e+02
1.524938769855011174e+02 2.652910766601562500e+02
1.534936535360158700e+02 2.299539947509765625e+02
1.544934300865306511e+02 2.811446228027343750e+02
1.554932066370454038e+02 3.033218994140625000e+02
1.564929831875602133e+02 3.123434753417968750e+02
1.574927597380749660e+02 2.848522338867187500e+02
1.584925362885897471e+02 2.715393066406250000e+02
1.594923128391044997e+02 2.906888427734375000e+02
1.604920893896193093e+02 3.720576782226562500e+02
1.614918659401340619e+02 2.968159179687500000e+02
1.624916424906488430e+02 2.850031127929687500e+02
1.634914190411635957e+02 3.187546997070312500e+02
1.644911955916784052e+02 3.053393859863281250e+02
1.654909721421931579e+02 3.227713623046875000e+02
1.664907486927079390e+02 3.188660583496093750e+02
1.674905252432227201e+02 3.022267456054687500e+02
1.684903017937375012e+02 2.318928985595703125e+02
1.694900783442522254e+02 3.199815979003906250e+02
1.704898548947670349e+02 2.952036437988281250e+02
1.714896314452817876e+02 3.177334594726562500e+02
1.724894079957965687e+02 3.271350402832031250e+02
1.734891845463113498e+02 3.819388427734375000e+02
1.744889610968261309e+02 3.436987915039062500e+02
1.754887376473408835e+02 3.130797119140625000e+02
1.764885141978556931e+02 3.337401123046875000e+02
1.774882907483704173e+02 3.468316345214843750e+02
1.784880672988852552e+02 3.551597595214843750e+02
1.794878438494000079e+02 3.386157226562500000e+02
