-1.794319377854038464e+02 1.947011260986328125e+02
-1.784321612348890937e+02 2.527490844726562500e+02
-1.774323846843743127e+02 2.448241729736328125e+02
-1.764326081338595600e+02 2.291914520263671875e+02
-1.754328315833447789e+02 2.756365051269531250e+02
-1.744330550328299978e+02 2.935805969238281250e+02
-1.734332784823152167e+02 2.205800323486328125e+02
-1.724335019318004356e+02 1.855789794921875000e+02
-1.714337253812856545e+02 2.226922149658203125e+02
-1.704339488307709018e+02 2.185618286132812500e+02
-1.694341722802561492e+02 1.849657897949218750e+02
-1.684343957297413681e+02 1.995247039794921875e+02
-1.674346191792265870e+02 2.361867370605468750e+02
-1.664348426287118059e+02 2.591119079589843750e+02
-1.654350660781970248e+02 1.610708770751953125e+02
-1.644352895276822437e+02 1.833690795898437500e+02
-1.634355129771674626e+02 1.710619049072265625e+02
-1.624357364266527100e+02 2.483268280029296875e+02
-1.614359598761379573e+02 2.798294372558593750e+02
-1.604361833256231762e+02 1.925005645751953125e+02
-1.594364067751083951e+02 2.029896850585937500e+02
-1.584366302245936140e+02 2.109221954345703125e+02
-1.574368536740788613e+02 2.501875457763671875e+02
-1.564370771235640802e+02 2.421311035156250000e+02
-1.554373005730492991e+02 1.907052917480468750e+02
-1.544375240225345181e+02 2.224075469970703125e+02
-1.534377474720197654e+02 2.445061035156250000e+02
-1.524379709215049843e+02 2.197874298095703125e+02
-1.514381943709902032e+02 2.167776489257812500e+02
-1.504384178204753937e+02 2.222487030029296875e+02
-1.494386412699606694e+02 2.455940551757812500e+02
-1.484388647194458599e+02 2.813512573242187500e+02
-1.474390881689311072e+02 2.564602050781250000e+02
-1.464393116184162977e+02 2.508067932128906250e+02
-1.454395350679015735e+02 3.108012084960937500e+02
-1.444397585173867640e+02 2.984976196289062500e+02
-1.434399819668720397e+02 3.097001342773437500e+02
-1.424402054163572018e+02 2.351542968750000000e+02
-1.414404288658424775e+02 2.875042114257812500e+02
-1.404406523153276680e+02 2.448838806152343750e+02
-1.394408757648129438e+02 2.595985107421875000e+02
-1.384410992142981343e+02 2.147496643066406250e+02
-1.374413226637833532e+02 2.491636810302734375e+02
-1.364415461132685721e+02 1.515262756347656250e+02
-1.354417695627537910e+02 1.895981903076171875e+02
-1.344419930122390383e+02 2.595460815429687500e+02
-1.334422164617242572e+02 2.181737365722656250e+02
-1.324424399112094761e+02 2.125516510009765625e+02
-1.314426633606947235e+02 1.985974273681640625e+02
-1.304428868101799424e+02 1.826158294677734375e+02
-1.294431102596651613e+02 1.733865356445312500e+02
-1.284433337091503802e+02 1.714946289062500000e+02
-1.274435571586356275e+02 1.801677703857421875e+02
-1.264437806081208464e+02 1.966548461914062500e+02
-1.254440040576060653e+02 2.161787872314453125e+02
-1.244442275070912842e+02 1.679731903076171875e+02
-1.234444509565765316e+02 1.433036956787109375e+02
-1.224446744060617505e+02 1.980680541992187500e+02
-1.214448978555469694e+02 1.779630126953125000e+02
-1.204451213050322025e+02 1.318177947998046875e+02
-1.194453447545174356e+02 1.549087677001953125e+02
-1.184455682040026545e+02 1.270520248413085938e+02
-1.174457916534878734e+02 1.546766510009765625e+02
-1.164460151029731065e+02 1.401212615966796875e+02
-1.154462385524583254e+02 1.213815612792968750e+02
-1.144464620019435586e+02 1.314567871093750000e+02
-1.134466854514287917e+02 1.530915679931640625e+02
-1.124469089009140106e+02 1.165038452148437500e+02
-1.114471323503992295e+02 1.083603134155273438e+02
-1.104473557998844626e+02 1.746293182373046875e+02
-1.094475792493696957e+02 1.459707183837890625e+02
-1.084478026988549146e+02 1.531154937744140625e+02
-1.074480261483401335e+02 2.016489715576171875e+02
-1.064482495978253809e+02 1.593445281982421875e+02
-1.054484730473105998e+02 1.309887237548828125e+02
-1.044486964967958187e+02 1.220477828979492188e+02
-1.034489199462810376e+02 1.236021118164062500e+02
-1.024491433957662849e+02 1.227396316528320312e+02
-1.014493668452515038e+02 1.351624908447265625e+02
-1.004495902947367227e+02 1.181394882202148438e+02
-9.944981374422197007e+01 1.159560928344726562e+02
-9.845003719370716055e+01 6.590367126464843750e+01
-9.745026064319239367e+01 1.147578659057617188e+02
-9.645048409267762679e+01 1.370419616699218750e+02
-9.545070754216284570e+01 1.270634841918945312e+02
-9.445093099164806461e+01 1.135123291015625000e+02
-9.345115444113331193e+01 1.258561096191406250e+02
-9.245137789061853084e+01 9.552298736572265625e+01
-9.145160134010374975e+01 1.295630798339843750e+02
-9.045182478958896866e+01 1.110973968505859375e+02
-8.945204823907421599e+01 1.019743423461914062e+02
-8.845227168855943489e+01 1.423945007324218750e+02
-8.745249513804465380e+01 1.247839126586914062e+02
-8.645271858752987271e+01 1.077102050781250000e+02
-8.545294203701512004e+01 1.591864318847656250e+02
-8.445316548650033894e+01 1.111457366943359375e+02
-8.345338893598555785e+01 1.322052307128906250e+02
-8.245361238547080518e+01 1.332020568847656250e+02
-8.145383583495602409e+01 1.852679138183593750e+02
-8.045405928444124299e+01 1.670135345458984375e+02
-7.945428273392647611e+01 1.368593902587890625e+02
-7.845450618341169502e+01 1.354158325195312500e+02
-7.745472963289692814e+01 1.705259399414062500e+02
-7.645495308238214704e+01 1.356533660888671875e+02
-7.545517653186738016e+01 1.484028472900390625e+02
-7.445539998135259907e+01 1.550891265869140625e+02
-7.345562343083783219e+01 1.513208160400390625e+02
-7.245584688032305110e+01 1.633813629150390625e+02
-7.145607032980828421e+01 1.886237945556640625e+02
-7.045629377929350312e+01 1.884782409667968750e+02
-6.945651722877873624e+01 1.520802917480468750e+02
-6.845674067826395515e+01 1.332275238037109375e+02
-6.745696412774917405e+01 1.496017761230468750e+02
-6.645718757723440717e+01 1.646022491455078125e+02
-6.545741102671962608e+01 1.561780853271484375e+02
-6.445763447620485920e+01 1.607940673828125000e+02
-6.345785792569007810e+01 1.620176086425781250e+02
-6.245808137517530412e+01 1.623940277099609375e+02
-6.145830482466053724e+01 1.469560852050781250e+02
-6.045852827414575614e+01 2.144252014160156250e+02
-5.945875172363098926e+01 1.701030731201171875e+02
-5.845897517311620817e+01 1.558299865722656250e+02
-5.745919862260144129e+01 2.264678344726562500e+02
-5.645942207208666019e+01 2.341822662353515625e+02
-5.545964552157189331e+01 1.833485565185546875e+02
-5.445986897105711932e+01 2.765235900878906250e+02
-5.346009242054234534e+01 1.738712768554687500e+02
-5.246031587002757135e+01 2.096492919921875000e+02
-5.146053931951279736e+01 2.253989105224609375e+02
-5.046076276899802338e+01 2.480937347412109375e+02
-4.946098621848324939e+01 2.679743347167968750e+02
-4.846120966796847540e+01 2.334204101562500000e+02
-4.746143311745370852e+01 2.333807220458984375e+02
-4.646165656693892743e+01 2.327061462402343750e+02
-4.546188001642416054e+01 2.304509582519531250e+02
-4.446210346590937945e+01 2.559642944335937500e+02
-4.346232691539461257e+01 2.262243347167968750e+02
-4.246255036487983148e+01 1.738095397949218750e+02
-4.146277381436506460e+01 2.236429290771484375e+02
-4.046299726385029061e+01 2.397698211669921875e+02
-3.946322071333551662e+01 1.418196105957031250e+02
-3.846344416282074263e+01 1.537192993164062500e+02
-3.746366761230596865e+01 1.569757385253906250e+02
-3.646389106179119466e+01 1.797469482421875000e+02
-3.546411451127642067e+01 1.965808258056640625e+02
-3.446433796076164668e+01 1.947424774169921875e+02
-3.346456141024687270e+01 1.602826843261718750e+02
-3.246478485973209871e+01 1.977287597656250000e+02
-3.146500830921732472e+01 1.708854827880859375e+02
-3.046523175870255074e+01 1.420764770507812500e+02
-2.946545520818777675e+01 1.970626220703125000e+02
-2.846567865767300276e+01 1.768145294189453125e+02
-2.746590210715823233e+01 1.680908660888671875e+02
-2.646612555664345834e+01 1.529688873291015625e+02
-2.546634900612868435e+01 1.251292648315429688e+02
-2.446657245561391036e+01 1.609984283447265625e+02
-2.346679590509913638e+01 1.383992919921875000e+02
-2.246701935458436239e+01 1.708707580566406250e+02
-2.146724280406958840e+01 1.750848846435546875e+02
-2.046746625355481441e+01 2.053741912841796875e+02
-1.946768970304004398e+01 1.838520050048828125e+02
-1.846791315252524512e+01 2.166626892089843750e+02
-1.746813660201047114e+01 2.031834259033203125e+02
-1.646836005149569360e+01 1.914631805419921875e+02
-1.546858350098092316e+01 1.949852294921875000e+02
-1.446880695046614917e+01 2.005388946533203125e+02
-1.346903039995137519e+01 2.018214416503906250e+02
-1.246925384943660298e+01 2.760150451660156250e+02
-1.146947729892182899e+01 1.897881164550781250e+02
-1.046970074840705500e+01 1.974371643066406250e+02
-9.469924197892281015e+00 2.327268371582031250e+02
-8.470147647377507027e+00 2.690906677246093750e+02
-7.470371096862734817e+00 2.862391662597656250e+02
-6.470594546347960829e+00 2.480670318603515625e+02
-5.470817995833186842e+00 2.371521606445312500e+02
-4.471041445318413743e+00 2.797092285156250000e+02
-3.471264894803639756e+00 2.009322662353515625e+02
-2.471488344288866212e+00 2.979769897460937500e+02
-1.471711793774092669e+00 2.901614990234375000e+02
-4.719352432593190150e-01 2.212008819580078125e+02
5.278413072554545282e-01 2.275214691162109375e+02
1.527617857770228182e+00 2.076224060058593750e+02
2.527394408285001948e+00 2.373466644287109375e+02
3.527170958799775491e+00 1.770275421142578125e+02
4.526947509314548590e+00 2.249425506591796875e+02
5.526724059829322577e+00 2.165122985839843750e+02
6.526500610344096565e+00 2.160518798828125000e+02
7.526277160858869664e+00 1.906189575195312500e+02
8.526053711373641875e+00 2.008807373046875000e+02
9.525830261888417638e+00 2.093659210205078125e+02
1.052560681240319163e+01 1.720871582031250000e+02
1.152538336291796206e+01 1.906705017089843750e+02
1.252515991343273782e+01 1.722160186767578125e+02
1.352493646394751181e+01 1.580240783691406250e+02
1.452471301446228580e+01 1.377446899414062500e+02
1.552448956497705979e+01 1.988711547851562500e+02
1.652426611549183022e+01 1.693132324218750000e+02
1.752404266600660421e+01 1.692546386718750000e+02
1.852381921652137819e+01 1.281142425537109375e+02
1.952359576703615218e+01 1.401171722412109375e+02
2.052337231755092617e+01 2.105558929443359375e+02
2.152314886806570016e+01 1.916040954589843750e+02
2.252292541858047414e+01 1.766279754638671875e+02
2.352270196909524813e+01 2.189383850097656250e+02
2.452247851961002212e+01 1.913179168701171875e+02
2.552225507012479255e+01 1.980431823730468750e+02
2.652203162063956654e+01 2.283518981933593750e+02
2.752180817115434053e+01 2.334205780029296875e+02
2.852158472166911451e+01 1.997365264892578125e+02
2.952136127218388850e+01 2.444236602783203125e+02
3.052113782269866249e+01 2.971323852539062500e+02
3.152091437321343648e+01 2.287818908691406250e+02
3.252069092372821046e+01 2.768050231933593750e+02
3.352046747424298445e+01 2.983716735839843750e+02
3.452024402475775133e+01 2.983160400390625000e+02
3.552002057527253243e+01 2.710791931152343750e+02
3.651979712578730641e+01 2.553797302246093750e+02
3.751957367630208040e+01 2.730438842773437500e+02
3.851935022681685439e+01 3.192753295898437500e+02
3.951912677733162838e+01 2.429127807617187500e+02
4.051890332784640236e+01 2.592057495117187500e+02
4.151867987836116924e+01 1.992841949462890625e+02
4.251845642887595034e+01 2.147681427001953125e+02
4.351823297939071722e+01 1.871873931884765625e+02
4.451800952990551252e+01 2.263326416015625000e+02
4.551778608042029362e+01 2.776871032714843750e+02
4.651756263093506050e+01 2.645709838867187500e+02
4.751733918144984159e+01 2.419080657958984375e+02
4.851711573196460847e+01 2.147422637939453125e+02
4.951689228247938956e+01 2.092950592041015625e+02
5.051666883299415645e+01 1.635443572998046875e+02
5.151644538350890912e+01 1.694967651367187500e+02
5.251622193402370442e+01 1.625035247802734375e+02
5.351599848453844999e+01 1.310276336669921875e+02
5.451577503505325950e+01 1.548500366210937500e+02
5.551555158556799796e+01 1.450040740966796875e+02
5.651532813608280748e+01 1.258132095336914062e+02
5.751510468659754594e+01 1.118909988403320312e+02
5.851488123711234124e+01 1.259828872680664062e+02
5.951465778762709391e+01 1.324903564453125000e+02
6.051443433814188921e+01 9.297690582275390625e+01
6.151421088865664188e+01 1.293801727294921875e+02
6.251398743917143719e+01 1.031772003173828125e+02
6.351376398968618986e+01 1.474633331298828125e+02
6.451354054020099227e+01 1.208904190063476562e+02
6.551331709071574494e+01 1.319881896972656250e+02
6.651309364123054024e+01 1.422296752929687500e+02
6.751287019174529291e+01 1.055546798706054688e+02
6.851264674226008822e+01 1.117512741088867188e+02
6.951242329277484089e+01 1.705195617675781250e+02
7.051219984328963619e+01 1.306193389892578125e+02
7.151197639380437465e+01 9.304370117187500000e+01
7.251175294431918417e+01 1.299918212890625000e+02
7.351152949483392263e+01 1.789728698730468750e+02
7.451130604534873214e+01 1.380293731689453125e+02
7.551108259586347060e+01 1.588462371826171875e+02
7.651085914637826590e+01 1.371477355957031250e+02
7.751063569689307542e+01 1.180571823120117188e+02
7.851041224740781388e+01 1.431431732177734375e+02
7.951018879792262339e+01 1.128314666748046875e+02
8.050996534843736185e+01 1.409706115722656250e+02
8.150974189895215716e+01 1.379208831787109375e+02
8.250951844946692404e+01 1.810719146728515625e+02
8.350929499998171934e+01 1.488606719970703125e+02
8.450907155049645780e+01 1.553045959472656250e+02
8.550884810101125311e+01 1.274781723022460938e+02
8.650862465152600578e+01 1.270931854248046875e+02
8.750840120204081529e+01 1.518797607421875000e+02
8.850817775255555375e+01 1.458402862548828125e+02
8.950795430307034906e+01 1.402924041748046875e+02
9.050773085358510173e+01 1.277515029907226562e+02
9.150750740409989703e+01 1.606520538330078125e+02
9.250728395461464970e+01 1.805518188476562500e+02
9.350706050512945922e+01 1.468858184814453125e+02
9.450683705564419768e+01 7.120322418212890625e+01
9.550661360615899298e+01 1.359921722412109375e+02
9.650639015667374565e+01 1.197634811401367188e+02
9.750616670718855516e+01 1.487161407470703125e+02
9.850594325770329363e+01 1.209011688232421875e+02
9.950571980821808893e+01 1.896022033691406250e+02
1.005054963587328274e+02 1.647869110107421875e+02
1.015052729092476511e+02 1.354808959960937500e+02
1.025050494597623896e+02 1.234435882568359375e+02
1.035048260102771849e+02 1.555683135986328125e+02
1.045046025607919233e+02 1.536219024658203125e+02
1.055043791113067186e+02 1.081429061889648438e+02
1.065041556618214855e+02 1.755819091796875000e+02
1.075039322123362808e+02 1.862326202392578125e+02
1.085037087628510193e+02 1.721513671875000000e+02
1.095034853133658146e+02 1.055805816650390625e+02
1.105032618638805815e+02 1.406984710693359375e+02
1.115030384143953768e+02 1.643054656982421875e+02
1.125028149649101152e+02 1.558585357666015625e+02
1.135025915154249105e+02 1.394258422851562500e+02
1.145023680659396632e+02 1.688012542724609375e+02
1.155021446164544727e+02 1.340592651367187500e+02
1.165019211669692112e+02 1.680751037597656250e+02
1.175016977174840207e+02 1.674581298828125000e+02
1.185014742679987592e+02 1.620739746093750000e+02
1.195012508185135545e+02 1.994775848388671875e+02
1.205010273690283071e+02 1.747467346191406250e+02
1.215008039195431166e+02 1.721925964355468750e+02
1.225005804700578551e+02 2.160872192382812500e+02
1.235003570205726504e+02 1.732884521484375000e+02
1.245001335710874173e+02 2.263028106689453125e+02
1.254999101216022126e+02 1.633544769287109375e+02
1.264996866721169511e+02 2.075523376464843750e+02
1.274994632226317464e+02 1.859319610595703125e+02
1.284992397731465132e+02 1.886454620361328125e+02
1.294990163236612943e+02 2.310925598144531250e+02
1.304987928741760470e+02 2.504507598876953125e+02
1.314985694246908565e+02 1.811843872070312500e+02
1.324983459752055808e+02 2.107270660400390625e+02
1.334981225257203903e+02 2.373556823730468750e+02
1.344978990762351430e+02 1.912385559082031250e+02
1.354976756267499525e+02 2.286210327148437500e+02
1.364974521772646767e+02 2.000710296630859375e+02
1.374972287277794862e+02 2.082514648437500000e+02
1.384970052782942389e+02 2.871299743652343750e+02
1.394967818288090484e+02 2.400241546630859375e+02
1.404965583793237727e+02 1.770305938720703125e+02
1.414963349298385822e+02 2.606285095214843750e+02
1.424961114803533633e+02 2.469542846679687500e+02
1.434958880308681444e+02 1.853578186035156250e+02
1.444956645813829255e+02 2.525960235595703125e+02
1.454954411318976781e+02 1.999721069335937500e+02
1.464952176824124592e+02 1.984598846435546875e+02
1.474949942329272403e+02 1.942010345458984375e+02
1.484947707834420214e+02 2.061308898925781250e+02
1.494945473339567741e+02 2.250269470214843750e+02
1.504943238844715552e+02 2.209651947021484375e+02
1.514941004349863363e+02 1.908316345214843750e+02
1.524938769855011174e+02 2.035739440917968750e+02
1.534936535360158700e+02 2.564625854492187500e+02
1.544934300865306511e+02 2.152334442138671875e+02
1.554932066370454038e+02 1.549685211181640625e+02
1.564929831875602133e+02 1.835331115722656250e+02
1.574927597380749660e+02 2.039809722900390625e+02
1.584925362885897471e+02 1.586658020019531250e+02
1.594923128391044997e+02 1.933951416015625000e+02
1.604920893896193093e+02 2.170745849609375000e+02
1.614918659401340619e+02 2.409580383300781250e+02
1.624916424906488430e+02 2.428681945800781250e+02
1.634914190411635957e+02 2.628675231933593750e+02
1.644911955916784052e+02 2.279131774902343750e+02
1.654909721421931579e+02 2.942681579589843750e+02
1.664907486927079390e+02 2.178256988525390625e+02
1.674905252432227201e+02 2.700755004882812500e+02
1.684903017937375012e+02 3.036110534667968750e+02
1.694900783442522254e+02 3.160282592773437500e+02
1.704898548947670349e+02 2.447995452880859375e+02
1.714896314452817876e+02 2.646817321777343750e+02
1.724894079957965687e+02 3.107048339843750000e+02
1.734891845463113498e+02 2.781156005859375000e+02
1.744889610968261309e+02 3.134177246093750000e+02
1.754887376473408835e+02 3.210709228515625000e+02
1.764885141978556931e+02 2.450010986328125000e+02
1.774882907483704173e+02 2.823978881835937500e+02
1.784880672988852552e+02 3.419765319824218750e+02
1.794878438494000079e+02 3.353057861328125000e+02
